"TOA5","CR1000-ESOLMET_LOC","CR1000","23644","CR1000.Std.32.05","CPU:20230124_ESOLMET-CR1000.CR1","62682","Tabla_60_min"
"TIMESTAMP","RECORD","Batt_Volt_Min","I_glo_Avg","I_dir_Avg","I_dif_Avg","I_glo_inc_Avg","Indice_UV_Avg","Indice_UV_1_Avg","Indice_UV_2_Avg","AirTC_Avg","AirTC_Max","AirTC_Min","AirTC_Std","RH_Avg","RH_Max","RH_Min","RH_Std","WS_ms_Avg","WS_ms_Max","WS_ms_Min","WS_ms_Std","WindDir","CS106_PB_Avg","Rain_mm_Tot"
"TS","RN","Volts","W/m2","W/m2","W/m2","W/m2","W/m2","I-UV","MED/hr","°C","°C","°C","°C","%","%","%","%","m/s","m/s","m/s","m/s","grados","mbar","mm"
"","","Min","Avg","Avg","Avg","Avg","Avg","Avg","Avg","Avg","Max","Min","Std","Avg","Max","Min","Std","Avg","Max","Min","Std","Smp","Avg","Tot"
"2023-01-24 14:00:00",0,13,814,937,82.2,977,0.247,9.88,4.238,27.3,28.34,26.57,0.354,33.55,35.4,31.68,0.732,2.6,7.7,0,1.517,2.951,853.0619,0
"2023-01-24 15:00:00",1,12.97,731.7,911,80.8,893,0.222,8.86,3.8,28.18,28.98,27.28,0.372,32.76,34.61,31.14,0.712,3.541,9.2,0,1.544,2.927,874.1936,0
"2023-01-24 16:00:00",2,12.95,573.1,862,75.92,725.9,0.175,6.986,2.996,28.79,29.9,27.66,0.471,31.03,33.08,29.26,0.719,3.827,8.45,0,1.419,2.951,873.5914,0
"2023-01-24 17:00:00",3,12.95,361.3,741.9,66.28,489.6,0.131,5.254,2.253,28.8,29.6,28.2,0.274,30.66,31.92,29.19,0.409,4.029,8.45,0,1.408,2.951,873.4517,0
"2023-01-24 18:00:00",4,12.68,141.9,537.8,39.84,228.1,0.107,4.285,1.837,28.27,29.02,27.52,0.364,31.25,32.06,30.19,0.388,3.593,8.45,0,1.218,2.758,873.4262,0
"2023-01-24 19:00:00",5,12.61,7.864,38.04,4.84,13.14,0.1,4.003,1.717,26.41,27.66,25.32,0.608,31.83,33.6,29.57,0.941,3.536,6.95,0.95,1.043,2.54,873.6165,0
"2023-01-24 20:00:00",6,12.39,0,0.006,0,0,0.1,3.99,1.711,24.61,25.53,23.69,0.493,35.17,37.31,33.26,1.074,1.977,5.45,0,1.189,2.419,874.3049,0
"2023-01-24 21:00:00",7,11.32,0,0.008,0,0,0.1,3.99,1.711,22.57,23.89,20.86,0.858,39.22,44.4,36.43,2.238,1.521,3.2,0,0.573,2.105,875.1389,0
"2023-01-24 22:00:00",8,10.54,0,0.031,0,0,0.1,3.99,1.711,20.57,21.71,19.84,0.512,45.53,48.66,41.37,1.782,1.996,3.2,0,0.565,1.79,875.6551,0
"2023-01-24 23:00:00",9,10.52,0,0.026,0,0,0.1,3.99,1.711,18.84,20.93,17.97,0.589,52.66,56.06,46.69,2.107,2.079,3.2,0.95,0.447,1.621,875.8554,0
"2023-01-25 00:00:00",10,10.35,0,0.058,0,0,0.1,3.99,1.711,18.36,19.57,17.32,0.761,55.64,59.67,51.87,2.488,2.024,3.2,0,0.486,1.548,875.9276,0
"2023-01-25 01:00:00",11,10.31,0,0.054,0,0,0.1,3.99,1.711,17.02,17.53,16.64,0.181,58.7,59.88,55.59,0.91,2.189,3.2,0.95,0.395,1.355,875.8091,0
"2023-01-25 02:00:00",12,10.27,0,0.099,0,0,0.1,3.99,1.711,17.47,18.01,16.95,0.234,55.03,57.73,51.6,1.66,1.598,3.2,0,0.6,1.331,875.6652,0
"2023-01-25 03:00:00",13,10.25,0,0.049,0,0,0.1,3.991,1.711,17.54,18.01,16.99,0.22,51.16,53.48,49.76,0.738,0.746,2.45,0,0.687,1.307,875.6524,0
"2023-01-25 04:00:00",14,10.18,0,0.166,0,0,0.1,3.991,1.711,17.05,17.6,16.58,0.21,49.96,54.09,46.97,1.759,1.539,3.2,0,0.628,1.137,875.9324,0
"2023-01-25 05:00:00",15,10.13,0,0.104,0,0,0.1,3.991,1.711,16.97,17.33,16.48,0.197,52.07,54.6,48.6,1.584,1.919,3.95,0,0.521,1.258,876.1022,0
"2023-01-25 06:00:00",16,9.36,0,0.017,0,0,0.1,3.991,1.711,16.5,17.12,16,0.196,49.53,51.64,47.72,0.857,1.864,3.2,0,0.442,1.113,876.319,0
"2023-01-25 09:00:00",17,8.89,218.2,592.3,49.87,324.5,0.113,4.508,1.933,17.57,20.66,15.42,1.403,49.43,55.32,44.85,2.708,0.385,1.7,0,0.516,1.573,878.1616,0
"2023-01-25 10:00:00",18,11.09,442.7,775.8,67.42,584.8,0.142,5.69,2.44,21.87,23.76,20.52,0.762,42.78,48.7,36.39,2.868,1.004,3.2,0,0.67,2.25,878.486,0
"2023-01-25 11:00:00",19,13.05,635,854,80.8,793.8,0.186,7.428,3.185,23.62,24.54,22.21,0.552,38.39,41.91,35.78,1.424,1.685,4.7,0,0.946,2.612,878.2062,0
"2023-01-25 12:00:00",20,13,770.5,892,90,933,0.226,9.04,3.878,24.78,26.23,23.33,0.669,36.21,39.01,33.42,1.156,1.718,4.7,0,1.062,2.757,877.5798,0
"2023-01-25 13:00:00",21,12.93,835,908,93.3,997,0.247,9.89,4.243,25.36,26.53,23.87,0.644,34.53,37.88,32.43,1.184,2.126,5.45,0,1.201,2.781,876.3966,0
"2023-01-25 14:00:00",22,12.95,817,902,94.2,976,0.241,9.66,4.142,26.92,28.2,24.76,0.797,31.33,35.19,28.89,1.396,1.533,6.2,0,1.028,2.951,875.1759,0
"2023-01-25 15:00:00",23,12.96,720.4,876,87.1,874,0.21,8.4,3.601,28.27,29.56,27.42,0.445,28.14,29.43,25.99,0.659,1.38,4.7,0,0.986,3.048,874.3334,0
"2023-01-25 16:00:00",24,12.94,562.3,832,76.95,708.2,0.168,6.703,2.875,29.47,30.58,28.37,0.446,25.87,27.39,24.32,0.621,1.725,5.45,0,1.253,3.023,873.7994,0
"2023-01-25 17:00:00",25,12.93,357,739.2,60.99,481.1,0.129,5.169,2.217,30.03,30.79,29.19,0.37,23.7,26.16,22.18,0.909,1.201,3.95,0,0.95,3.096,873.6274,0
"2023-01-25 18:00:00",26,12.67,133.8,494.7,36.63,210.4,0.107,4.268,1.83,29.7,30.65,28.65,0.559,22.87,23.78,22.04,0.368,0.755,3.2,0,0.795,2.854,873.6591,0
"2023-01-25 19:00:00",27,12.58,6.059,27.66,3.393,9.42,0.1,4.003,1.717,26.51,28.75,23.85,1.505,28.27,33.9,23.41,3.217,0.386,2.45,0,0.734,2.661,873.5919,0
"2023-01-25 20:00:00",28,12.03,0,0.008,0,0,0.1,3.99,1.711,22.58,23.96,21.61,0.797,36.43,39.05,32.4,1.933,2.674,3.95,0,0.533,2.347,874.142,0
"2023-01-25 21:00:00",29,10.54,0,0.01,0,0,0.1,3.99,1.711,21.43,22.05,20.9,0.351,39.63,41.23,37.52,1.125,1.252,3.95,0,0.867,1.911,874.8291,0
"2023-01-25 22:00:00",30,10.16,0,0.085,0,0,0.1,3.99,1.711,20.71,21.24,20.25,0.206,41.11,42.63,39.39,0.71,1.407,3.95,0,0.924,1.548,875.3811,0
"2023-01-25 23:00:00",31,10.43,0,0.007,0,0,0.1,3.99,1.711,19.82,20.56,18.78,0.49,44.29,48.08,41.64,1.756,1.197,2.45,0,0.674,1.597,875.7682,0
"2023-01-26 00:00:00",32,10.31,0,0.037,0,0,0.1,3.99,1.711,18.81,19.43,18.34,0.223,46.88,48.66,44.51,0.845,1.153,2.45,0,0.686,1.524,875.959,0
"2023-01-26 01:00:00",33,10.24,0,0.239,0,0,0.1,3.99,1.711,18.58,19.77,17.83,0.499,47.08,50.71,43.48,1.804,1.963,3.95,0,0.845,1.428,876.4352,0
"2023-01-26 02:00:00",34,10.23,0,0.066,0,0,0.1,3.99,1.711,19.1,19.98,18.37,0.372,45.77,48.15,43.28,1.169,2.146,3.95,0,0.63,1.5,876.7766,0
"2023-01-26 03:00:00",35,9.83,0,0.017,0,0,0.1,3.99,1.711,17.72,18.85,16.67,0.441,51.39,55.72,47.03,1.865,1.625,3.2,0,0.784,1.428,876.6857,0
"2023-01-26 04:00:00",36,8.98,0,0.072,0,0,0.1,3.99,1.711,17.01,17.52,16.33,0.245,53.78,56.6,51.83,1.133,1.667,3.2,0,0.573,1.21,876.774,0
"2023-01-26 09:00:00",37,8.88,260,466.5,96.8,346.1,0.115,4.613,1.978,19.68,21.31,18.08,0.954,53.74,58.18,50.03,2.26,0.412,2.45,0,0.648,1.694,879.864,0
"2023-01-26 10:00:00",38,11,436.1,636.1,113.7,560.4,0.14,5.602,2.402,22.19,23.93,20.93,0.698,49.59,52.34,44.84,1.797,1.428,3.95,0,0.756,2.371,880.0931,0
"2023-01-26 11:00:00",39,13.04,611.1,621.9,173.4,748.2,0.181,7.232,3.101,23.58,24.63,22.72,0.338,46.72,49.06,44.81,0.912,1.844,5.45,0,1.036,2.588,879.9833,0
"2023-01-26 12:00:00",40,13,743.1,586.3,236.5,877,0.221,8.86,3.799,24.63,25.82,23.5,0.497,44.87,47.39,41.7,1.229,1.62,4.7,0,0.967,2.83,879.4749,0
"2023-01-26 13:00:00",41,12.98,795,685.3,201,935,0.243,9.72,4.167,25.68,26.39,24.72,0.29,42.08,43.67,38.8,0.871,1.93,4.7,0,1.04,2.757,878.2974,0
"2023-01-26 14:00:00",42,12.95,795.2,774.6,153.1,944,0.24,9.61,4.121,26.09,27.96,24.73,0.848,40.72,43.98,36.48,1.999,1.433,4.7,0,1.053,2.83,877.0029,0
"2023-01-26 15:00:00",43,12.97,601,576.2,153.3,718.9,0.201,8.04,3.449,26.62,28.06,25.13,0.764,38.98,42.28,35.63,1.515,1.55,5.45,0,0.954,3.072,875.9594,0
"2023-01-26 16:00:00",44,12.92,533.9,646.9,136.1,656.4,0.164,6.574,2.819,27.97,29.87,26.67,0.771,35.16,38.56,31.38,1.839,1.492,4.7,0,0.972,2.878,875.2814,0
"2023-01-26 17:00:00",45,12.71,98.4,44.39,69.36,115.1,0.123,4.913,2.107,26.1,29.29,25.51,0.744,36.62,38.7,31.65,1.105,1.047,3.95,0,0.946,2.758,874.9552,0
"2023-01-26 18:00:00",0,12.63,68.03,341.2,30.34,115.2,0.003,0.101,0.043,26.97,27.98,26.48,0.313,31.27,32.13,29.98,0.461,2.056,4.7,0,0.754,2.516,865.9102,0
"2023-01-26 19:00:00",1,12.44,7.065,31.76,4.244,10.64,0,0.009,0.004,25.15,26.75,23.21,0.998,35.61,41.78,31.55,2.615,0.433,2.45,0,0.61,2.516,875.312,0
"2023-01-26 20:00:00",2,11.74,0,0.004,0,0,0,-0.006,-0.003,21.59,23.48,20.79,0.77,46.52,49.28,39.19,2.792,2.584,4.7,0.95,0.731,2.202,875.9302,0
"2023-01-26 21:00:00",3,10.62,0,0.008,0,0,0,-0.006,-0.003,20.63,21.03,20.32,0.169,49.07,50.03,47.88,0.379,2.232,4.7,0,0.994,1.815,876.4976,0
"2023-01-26 22:00:00",4,10.63,0,0.036,0,0,0,-0.006,-0.003,20.1,20.56,19.64,0.205,47.35,50.37,44.85,1.232,1.153,3.2,0,0.764,1.573,877.1137,0
"2023-01-26 23:00:00",5,10.51,0,0.138,0,0,0,-0.006,-0.003,19.84,20.66,18.95,0.467,48.61,53.26,43.48,3.185,1.451,3.95,0,0.861,1.669,877.6561,0
"2023-01-27 00:00:00",6,10.42,0,0.018,0,0,0,-0.006,-0.003,19.16,20.49,17.42,0.814,47.9,52.68,43.62,2.228,1.775,3.95,0,0.733,1.597,878.2028,0
"2023-01-27 01:00:00",7,10.38,0,0.043,0,0,0,-0.006,-0.003,17.42,17.93,16.7,0.296,51.96,55.03,49.86,1.366,2.108,3.95,0,0.606,1.476,878.3524,0
"2023-01-27 02:00:00",8,10.35,0,0.032,0,0,0,-0.006,-0.003,16.44,17.69,15.68,0.544,54.9,57.84,49.96,2.16,1.408,3.2,0,0.657,1.355,878.4388,0
"2023-01-27 03:00:00",9,10.3,0,0.025,0,0,0,-0.005,-0.002,15.22,15.9,14.67,0.361,59.77,61.9,57.46,1.479,2.535,3.95,1.7,0.485,1.307,878.5156,0
"2023-01-27 04:00:00",10,9.34,0,0.025,0,0,0,-0.005,-0.002,15.1,15.49,14.77,0.15,60.82,61.93,59.58,0.609,1.595,3.2,0,0.508,1.113,878.5629,0
"2023-01-27 09:00:00",11,8.85,266.1,701,47.28,384.3,0.016,0.637,0.273,17.21,18.14,16.51,0.39,53.49,55.73,50.23,1.282,2.084,3.95,0,0.622,1.621,881.3444,0
"2023-01-27 10:00:00",12,11.13,466.5,834,59.76,612.8,0.044,1.778,0.762,19.62,20.96,17.83,0.842,46.7,51.73,42.63,2.217,2.014,4.7,0,0.879,2.274,881.5232,0
"2023-01-27 11:00:00",13,13.12,660.6,901,71.28,820,0.089,3.547,1.521,21.13,22.43,19.8,0.58,43.24,46.31,40.38,1.26,2.281,5.45,0,1.119,2.54,881.273,0
"2023-01-27 12:00:00",14,13.1,795.3,932,79.37,957,0.13,5.208,2.233,22.35,23.37,21.09,0.585,40.38,43.03,37.92,1.352,1.82,6.2,0,1.125,2.733,880.2307,0
"2023-01-27 13:00:00",15,13.08,866,966,76.86,1030,0.157,6.261,2.685,23.39,24.59,21.87,0.648,37.43,40.64,34.68,1.496,1.61,5.45,0,0.997,2.709,878.86,0
"2023-01-31 00:00:00",0,10.71,159.7,480.1,47.22,237.4,0.008,0.305,0.131,19.08,21.24,17.46,1.097,52.83,56.75,48.76,2.604,1.061,2.45,0,0.85,1.887,869.1777,0
"2023-01-31 01:00:00",1,11.12,358.9,679.3,"NAN",467.7,0.028,1.109,0.476,22.45,24.1,21.17,0.711,50.82,54.93,47.54,1.983,0.847,3.2,0,0.902,2.323,878.8467,0
"2023-01-31 02:00:00",2,13.08,578.1,790.2,87.8,707.2,0.066,2.652,1.137,24.78,26.09,23.41,0.696,48.16,52.51,44.49,1.907,1.417,3.95,0,0.892,2.637,879.4188,0
"2023-01-31 03:00:00",3,13.05,745,847,100.1,882,0.11,4.419,1.895,25.54,26.77,24.29,0.554,44.16,48.58,41.12,1.964,1.738,4.7,0,0.997,2.806,878.8893,0
"2023-01-31 04:00:00",4,13.02,839,875,106.2,978,0.142,5.66,2.427,27,28.03,25.68,0.615,38.96,43.09,35.16,1.726,1.327,4.7,0,0.99,2.902,877.6236,0
"2023-01-31 05:00:00",5,13.02,866,897,102.2,1005,0.153,6.107,2.619,27.99,28.95,27.28,0.389,36.17,38.56,33.52,1.074,1.913,5.45,0,1.042,3.072,875.9196,0
"2023-01-31 06:00:00",6,12.99,814,899,94.5,949,0.134,5.341,2.29,29.56,30.82,27.65,0.765,32.6,35.74,30.46,1.186,1.58,6.2,0,1.25,3.023,874.6366,0
"2023-01-31 07:00:00",7,12.97,695.7,903,78,827,0.096,3.836,1.645,30.5,31.61,28.78,0.533,28.65,33.01,25.34,1.889,1.437,3.95,0,0.803,3.12,873.6819,0
"2023-01-31 08:00:00",8,12.97,481.2,792.4,66.88,595.3,0.048,1.917,0.822,31.35,32.39,30.38,0.479,23.4,27.18,20.54,1.708,1.38,3.95,0,0.781,3.12,873.2825,0
"2023-01-31 09:00:00",9,12.87,264.6,667.1,50.02,350.2,0.016,0.645,0.276,31.11,31.74,30.42,0.281,23.58,24.77,22.01,0.595,1.938,5.45,0,1.075,3.024,872.9112,0
"2023-01-31 19:00:00",10,12.61,0.33,0.005,0.051,0.056,0,-0.005,-0.002,27.41,28.27,26.14,0.588,27.84,31.25,25.65,1.508,0.059,1.7,0,0.271,2.758,873.8314,0
"2023-01-31 20:00:00",11,11.28,0,0.007,0,0,0,-0.006,-0.003,24.15,26.24,22.63,1.128,34.25,37.08,30.5,1.988,2.293,4.7,0,1.329,2.347,874.2012,0
"2023-01-31 21:00:00",12,10.67,0,0.007,0,0,0,-0.006,-0.003,22.29,22.74,21.82,0.212,37.88,38.75,36.94,0.378,1.884,3.95,0,0.788,1.936,874.7718,0
"2023-01-31 22:00:00",13,10.63,0,0.102,0,0,0,-0.006,-0.003,21.56,22.33,20.66,0.338,38.91,41.06,36.12,1.065,1.507,3.2,0,1.027,1.815,875.2039,0
"2023-01-31 23:00:00",14,10.46,0,0.026,0,0,0,-0.006,-0.003,20.64,21.65,19.84,0.467,34.91,40.25,31.52,1.874,1.516,3.2,0,0.841,1.694,875.6155,0
"2023-02-01 00:00:00",15,10.42,0,0.05,0,0,0,-0.006,-0.003,20.1,20.52,19.57,0.197,32.4,35.99,30.29,1.055,1.47,2.45,0,0.618,1.452,875.7149,0
"2023-02-01 01:00:00",16,10.38,0,0.078,0,0,0,-0.006,-0.003,19.5,20.52,18.17,0.536,35.12,40.35,31.28,1.95,2.1,3.95,0,0.634,1.548,875.9713,0
"2023-02-01 02:00:00",17,10.34,0,0.058,0,0,0,-0.006,-0.003,18.14,19.74,17.11,0.618,40.74,46.04,33.46,2.794,2.093,3.2,0,0.514,1.476,876.2521,0
"2023-02-01 03:00:00",18,10.21,0,0.21,0,0,0,-0.006,-0.003,18.69,19.64,17.62,0.5,41.8,44.81,40.04,1.25,2.176,3.95,0,0.898,1.428,876.3332,0
"2023-02-01 05:00:00",19,9.77,199,499.9,56.78,271.2,0.009,0.371,0.159,18.03,19.03,17.02,0.488,52.93,55.76,51.02,1.289,0.743,2.45,0,0.637,1.524,852.7713,0
"2023-02-01 06:00:00",20,11.04,345.7,637,74.86,443.9,0.025,0.988,0.424,21.46,22.84,18.93,1.099,42.13,51.22,37.35,3.834,0.849,3.95,0,0.93,2.178,879.9019,0
"2023-02-01 07:00:00",21,13.12,567.7,777.8,93.9,696.8,0.063,2.525,1.083,23.07,23.86,22.56,0.258,36.58,38.03,34.62,0.654,1.962,3.95,0,0.859,2.443,880.113,0
"2023-02-01 08:00:00",22,13.07,737.3,848,101.5,875,0.108,4.339,1.861,24.89,25.72,23.1,0.618,33.44,36.93,32.06,0.931,1.416,4.7,0,0.923,2.83,879.7979,0
"2023-02-01 09:00:00",23,13.05,840,879,108.2,981,0.142,5.683,2.437,25.4,26.7,24.11,0.527,33.86,35.8,32.02,0.843,1.842,5.45,0,1.072,2.83,878.8696,0
"2023-02-01 10:00:00",24,13.04,868,894,107.8,1008,0.152,6.064,2.6,26.82,27.93,25.58,0.578,32.15,33.69,30.25,0.705,1.608,5.45,0,1.058,2.951,878.0023,0
"2023-02-01 11:00:00",25,13.02,823,902,97.7,961,0.137,5.481,2.351,28.38,30.18,27.21,0.704,29.84,31.51,26.67,1.004,1.477,4.7,0,0.995,3.12,877.0924,0
"2023-02-01 12:00:00",26,13,688.4,847,92.5,817,0.097,3.883,1.665,29.35,30.28,27.65,0.606,26.33,29.09,23.78,1.363,1.982,5.45,0,1.089,3.048,876.245,0
"2023-02-01 13:00:00",27,12.99,504.7,791.9,76.98,619.7,0.053,2.114,0.907,30.02,31.44,29.05,0.543,25.59,27.12,23.78,0.552,1.479,4.7,0,1.078,3.048,875.6519,0
"2023-02-01 14:00:00",28,12.95,284.8,674.3,53.13,372.8,0.019,0.754,0.323,29.85,30.62,29.19,0.264,26.49,27.83,24.56,0.677,1.831,4.7,0,1.054,2.951,875.4454,0
"2023-02-01 15:00:00",29,12.7,65.4,268.9,20.77,95.1,0.003,0.111,0.048,28.25,29.84,26.3,1,30.25,35.91,26.67,2.564,1.033,3.2,0,0.854,2.734,875.4202,0
"2023-02-01 16:00:00",30,12.51,0.044,0.011,0,0,0,-0.006,-0.003,25.05,26.41,23.62,0.742,39.27,42.19,35.78,1.616,0.532,3.2,0,0.874,2.589,875.753,0
"2023-02-01 17:00:00",31,11.58,0,0.007,0,0,0,-0.006,-0.003,22.36,23.79,21.61,0.554,42.7,44.78,40.96,0.791,2.384,3.95,0,0.603,2.25,876.6905,0
"2023-02-01 18:00:00",32,10.67,0,0.041,0,0,0,-0.006,-0.003,21.88,22.19,21.51,0.15,41.53,42.87,40.07,0.801,1.53,3.2,0,0.713,1.887,877.3439,0
"2023-02-01 19:00:00",33,10.63,0,0.017,0,0,0,-0.006,-0.003,21.62,22.16,20.56,0.43,41.13,43.48,39.94,0.987,1.239,3.2,0,0.742,1.645,877.6656,0
"2023-02-01 20:00:00",34,10.46,0,0.011,0,0,0,-0.006,-0.003,20.24,20.76,19.57,0.292,44.61,46.82,42.94,1.16,1.366,3.2,0,0.62,1.669,877.8714,0
"2023-02-01 21:00:00",35,10.42,0,0.073,0,0,0,-0.006,-0.003,19.37,20.08,18.72,0.342,47.74,49.79,45.63,1.03,1.354,3.95,0,0.971,1.573,878.095,0
"2023-02-01 22:00:00",36,10.38,0,0.047,0,0,0,-0.006,-0.003,18.65,19.23,18.07,0.229,50.23,52.41,45.02,1.106,2.092,3.95,0,0.594,1.355,878.1754,0
"2023-02-01 23:00:00",37,10.34,0,0.164,0,0,0,-0.006,-0.003,19.84,20.18,19.09,0.168,43.43,46,40.89,1.22,1.55,4.7,0,0.892,1.379,878.174,0
"2023-02-02 00:00:00",38,9.93,0,0.02,0,0,0,-0.006,-0.003,19.24,20.18,18.34,0.498,44.99,47.5,42.9,1.102,1.295,3.2,0,0.696,1.452,878.043,0
"2023-02-02 03:00:00",39,9.29,183.8,449.6,52.88,249.1,0.009,0.371,0.159,18.77,19.7,17.57,0.543,46.84,49.86,45.02,0.888,0.933,1.7,0,0.619,1.476,862.9099,0
"2023-02-02 04:00:00",40,11.1,377.4,643.6,77.4,476.1,0.029,1.173,0.503,22.5,24.17,19.64,1.279,39.63,45.12,36.26,2.294,0.628,3.2,0,0.755,2.25,880.1259,0
"2023-02-02 05:00:00",41,13.1,605.6,804,92.4,734.6,0.07,2.793,1.198,24.33,25.24,23.06,0.504,39.64,43.47,36.84,1.689,1.702,4.7,0,0.982,2.685,879.9946,0
"2023-02-02 06:00:00",42,13.07,772.6,868,101.9,909,0.114,4.566,1.958,24.77,25.58,24.08,0.337,39.08,40.65,37.14,0.641,2.443,6.2,0,1.223,2.782,879.8553,0
"2023-02-02 07:00:00",43,13.05,869,919,97.1,1013,0.148,5.933,2.544,25.92,27.04,24.97,0.512,35.76,38.53,33.15,1.268,2.095,5.45,0,1.1,2.854,878.9921,0
"2023-02-02 14:00:00",44,13.03,860,908,94.1,999,0.146,5.851,2.509,27.92,29.32,26.53,0.769,30.65,32.7,27.97,1.312,1.987,6.2,0,1.249,3.12,877.4855,0
"2023-02-02 15:00:00",45,13,762.8,874,93.5,892,0.115,4.616,1.98,29.51,30.75,28.17,0.633,27.57,30.32,25.07,1.175,1.844,5.45,0,1.176,3.096,876.3892,0
"2023-02-02 16:00:00",46,12.99,593.2,785.4,95.2,709.8,0.07,2.785,1.194,30.73,31.44,30.11,0.283,25.5,26.81,24.15,0.55,2.509,6.95,0,1.383,3.096,875.4798,0
"2023-02-02 17:00:00",47,12.99,376.1,625,87.3,466.1,0.029,1.172,0.502,30.73,31.51,30.04,0.252,25.68,26.88,24.46,0.414,2.527,6.2,0,1.201,2.975,875.0909,0
"2023-02-02 18:00:00",48,12.83,148.6,361.2,53.51,195.7,0.007,0.279,0.119,29.89,30.62,28.92,0.387,27.18,28.75,25.92,0.588,1.692,4.7,0,0.951,2.806,874.9937,0
"2023-02-02 19:00:00",49,12.66,11.06,28.75,6.54,13.39,0,0.012,0.005,27.54,29.06,25.97,0.866,31.33,34.86,28.41,1.593,0.514,3.2,0,0.759,2.685,874.972,0
"2023-02-02 20:00:00",50,12.09,0,0.011,0,0,0,-0.006,-0.003,24.74,26.14,23.49,0.845,37.95,40.55,33.84,1.841,1.882,3.95,0,0.996,2.492,875.4724,0
"2023-02-02 21:00:00",51,10.77,0,0.012,0,0,0,-0.006,-0.003,22.93,23.79,22.23,0.378,41.4,44.13,38.58,1.217,1.966,4.7,0,0.748,2.032,876.4185,0
"2023-02-02 22:00:00",52,10.66,0,0.044,0,0,0,-0.006,-0.003,22.27,22.7,21.75,0.196,43.31,44.47,42.05,0.547,1.815,3.2,0,0.615,1.911,876.9104,0
"2023-02-02 23:00:00",53,10.49,0,0.057,0,0,0,-0.006,-0.003,22.12,22.84,21.24,0.431,43.52,45.53,41.71,1.029,1.02,3.2,0,0.799,1.79,877.1913,0
"2023-02-03 00:00:00",54,10.44,0,0.047,0,0,0,-0.006,-0.003,20.96,21.75,20.32,0.368,46.36,48.8,44.06,1.182,1.679,3.2,0,0.735,1.669,877.6642,0
"2023-02-03 01:00:00",55,10.41,0,0.11,0,0,0,-0.006,-0.003,20.82,21.44,20.25,0.286,45.97,48.12,42.8,1.304,2.413,3.95,0.95,0.473,1.645,877.6846,0
"2023-02-03 02:00:00",56,10.38,0,0.037,0,0,0,-0.006,-0.003,21.17,21.65,20.62,0.267,43.41,46.38,41.51,0.973,1.216,3.95,0,0.877,1.645,877.8646,0
"2023-02-03 03:00:00",57,10.33,0,0.056,0,0,0,-0.006,-0.003,20.07,21.37,18.48,0.904,46.42,53.26,41.51,3.683,0.942,4.7,0,0.769,1.597,878.1932,0
"2023-02-03 04:00:00",58,9.18,0,0.079,0,0,0,-0.006,-0.003,19.17,19.91,18.54,0.394,50.53,53.16,47.3,1.829,1.142,3.95,0,0.754,1.186,878.3895,0
"2023-02-03 07:00:00",59,10.9,146,313.3,59.55,193.1,0.006,0.244,0.104,17.77,18.21,17.26,0.23,56.08,57.36,54.98,0.648,1.338,3.2,0,0.646,1.597,854.5865,0
"2023-02-03 08:00:00",60,10.9,278.5,466.7,86,353.1,0.017,0.68,0.292,19.39,21.03,18.11,0.707,50.3,55.11,44.2,2.894,1.856,4.7,0,1.013,1.936,881.877,0
"2023-02-03 09:00:00",61,13.19,500.4,627.6,122.8,609.4,0.049,1.966,0.843,21.51,22.22,20.83,0.305,43.98,45.83,41.81,0.73,2.347,5.45,0,0.928,2.371,882.1159,0
"2023-02-03 10:00:00",62,13.12,689.4,723.6,144.9,817,0.092,3.677,1.577,23.37,24.88,21.51,0.91,39.5,44.43,35.94,2.088,2.616,6.95,0,1.155,2.516,881.9293,0
"2023-02-03 11:00:00",63,13.09,802,761.5,153.5,935,0.127,5.071,2.175,24.72,26.98,23.4,0.86,35.6,38.67,29.88,2.106,2.215,6.2,0,1.249,2.636,881.1191,0
"2023-02-03 12:00:00",64,13.07,846,783.8,144.5,979,0.142,5.695,2.442,26.41,27.21,25.51,0.435,29.23,31.61,27.87,0.738,2.276,6.95,0,1.213,2.782,879.7388,0
"2023-02-03 13:00:00",65,13.04,807,763,146.8,934,0.129,5.169,2.216,27.8,28.64,26.6,0.446,26.98,29.3,25.52,0.801,1.703,5.45,0,1.037,3.12,878.5783,0
"2023-02-03 14:00:00",66,13,696.8,723.3,140,812,0.097,3.862,1.656,29.3,30.55,27.86,0.552,25,26.71,23.03,0.805,1.532,5.45,0,1.098,3.193,877.7601,0
"2023-02-03 15:00:00",67,13,528.8,666.4,116,632.3,0.057,2.277,0.976,29.71,30.45,29.12,0.27,24.13,25.62,22.76,0.512,2.975,7.7,0,1.409,3.12,877.113,0
"2023-02-03 16:00:00",68,13.02,313.8,522.6,88.7,389.3,0.023,0.906,0.389,29.62,30.38,28.61,0.414,24.11,25.52,23,0.472,2.209,6.2,0,1.14,2.927,876.9678,0
"2023-02-03 17:00:00",69,12.77,102.5,255.9,43.45,136.2,0.005,0.188,0.081,28.34,29.74,26.61,0.946,26.92,30.43,23.88,1.968,2.45,6.2,0,1.096,2.733,877.0891,0
"2023-02-03 19:00:00",70,12.68,0.007,0.018,0,0,0,-0.006,-0.003,25.45,25.87,24.92,0.247,32.56,34.42,31.08,1.005,3.568,7.7,0.95,1.05,2.492,877.4564,0
"2023-02-03 20:00:00",71,12.33,0,0.024,0,0,0,-0.006,-0.003,24.44,25.09,23.72,0.322,35.63,37.04,34.28,0.563,1.662,6.2,0,1.104,2.323,878.3041,0
"2023-02-03 21:00:00",72,10.72,0,0.027,0,0,0,-0.006,-0.003,23.19,23.9,22.33,0.411,38.72,41.44,36.33,1.397,1.885,6.2,0,1.172,1.863,879.502,0
"2023-02-03 22:00:00",73,10.67,0,0.06,0,0,0,-0.006,-0.003,22.09,22.7,21.51,0.263,42.95,45.39,40.52,1.371,1.65,6.2,0,1.148,1.766,880.3197,0
"2023-02-03 23:00:00",74,10.54,0,0.008,0,0,0,-0.006,-0.003,20.81,21.68,20.01,0.527,48,50.78,45.22,1.78,1.251,4.7,0,0.85,1.621,881.158,0
"2023-02-04 00:00:00",75,10.45,0,0.005,0,0,0,-0.006,-0.003,19.26,20.18,18.44,0.456,52.01,53.84,49.82,1.091,1.701,3.95,0,0.805,1.476,881.7658,0
"2023-02-04 01:00:00",76,10.41,0,0.013,0,0,0,-0.006,-0.003,18.13,18.65,17.49,0.321,54.69,56.74,53.37,1.023,1.23,3.2,0,0.752,1.403,882.218,0
"2023-02-04 02:00:00",77,10.38,0,0.029,0,0,0,-0.006,-0.002,17.31,17.76,16.57,0.266,56.22,57.87,53.81,0.624,2.66,4.7,0.95,0.584,1.355,882.467,0
"2023-02-04 03:00:00",78,10.34,0,0.006,0,0,0,-0.006,-0.002,16.35,16.78,15.9,0.241,59.09,61.32,57.02,1.284,2.621,4.7,0.95,0.55,1.283,882.3071,0
"2023-02-04 04:00:00",79,9.75,0,0.004,0,0,0,-0.005,-0.002,15.58,16,15.04,0.2,62.24,63.74,61.01,0.629,2.072,4.7,0.95,0.624,1.137,882.0297,0
"2023-02-04 08:00:00",80,8.81,213,470.1,57.28,282.5,0.012,0.462,0.198,15.85,18.08,13.55,1.451,60.56,67.18,53.1,4.092,0.617,2.45,0,0.711,1.573,880.0326,0
"2023-02-04 09:00:00",81,11.28,438.6,692.9,81.6,540.2,0.038,1.528,0.655,19.38,21.24,17.6,0.799,48.93,55.01,44.57,2.299,1.528,4.7,0,1.106,2.081,883.6592,0
"2023-02-04 10:00:00",82,13.19,641.7,794,95.6,772.3,0.082,3.289,1.41,20.83,21.75,20.01,0.381,45.25,47.74,41.84,1.222,2.326,5.45,0,1.072,2.419,883.5158,0
"2023-02-04 11:00:00",83,13.14,784.7,855,97.2,927,0.128,5.111,2.192,22.21,23.37,21.03,0.621,41.05,44.33,38.09,1.469,2.182,5.45,0,1.05,2.588,882.7183,0
"2023-02-04 12:00:00",84,13.12,866,895,98.1,1011,0.159,6.378,2.735,23.47,24.63,21.97,0.598,37.76,40.85,35.09,1.291,1.781,5.45,0,1.003,2.782,881.5616,0
"2023-02-04 13:00:00",85,13.09,855,873,104.2,995,0.153,6.138,2.632,24.83,27.08,23.77,0.779,34.73,37,30.39,1.405,1.533,5.45,0,1.076,2.806,880.0151,0
"2023-02-04 14:00:00",86,13.06,782.3,856,102.1,917,0.127,5.062,2.17,26.13,27.52,24.56,0.672,31.35,34.85,28.51,1.386,1.842,5.45,0,1.159,2.999,878.5444,0
"2023-02-04 15:00:00",87,13.02,632.6,803,93,752.5,0.083,3.318,1.423,28.09,29.73,27.15,0.63,27.41,29.02,25.21,0.884,1.156,3.2,0,0.783,2.902,877.7073,0
"2023-02-04 16:00:00",88,13.02,418.7,667.8,83.2,512.7,0.037,1.491,0.639,28.92,29.8,27.76,0.538,26.05,27.93,24.56,0.889,1.246,4.7,0,1.01,2.999,877.259,0
"2023-02-04 17:00:00",89,12.94,186.4,407.8,60.28,240.9,0.01,0.4,0.172,27.48,28.34,26.64,0.436,28.38,29.4,26.91,0.502,2.27,5.45,0,1.012,2.782,877.2313,0
"2023-02-04 18:00:00",90,12.7,19.26,47.88,11.1,24.9,0.001,0.032,0.014,25.83,26.91,24.84,0.521,29.9,32.23,28.62,0.562,0.85,3.95,0,0.908,2.71,877.3235,0
"2023-02-04 19:00:00",91,12.38,0,0.007,0,0,0,-0.006,-0.003,22.83,24.95,21.54,1.043,37.72,40.69,32.1,2.766,1.674,3.95,0,1.313,2.395,877.9106,0
"2023-02-04 20:00:00",92,11.42,0,0.025,0,0,0,-0.006,-0.003,21.06,21.71,20.62,0.186,41.76,42.9,39.9,0.567,2.34,4.7,0,0.632,2.178,878.7083,0
"2023-02-04 21:00:00",93,10.68,0,0.025,0,0,0,-0.006,-0.003,20.5,21.07,20.11,0.24,43.27,44.88,41.4,0.815,0.651,3.2,0,0.639,2.032,879.2455,0
"2023-02-04 22:00:00",94,10.62,0,0.063,0,0,0,-0.006,-0.003,19.78,20.32,18.92,0.337,45.47,49.21,43.48,1.252,1.553,3.2,0,0.728,1.984,879.5044,0
"2023-02-04 23:00:00",95,10.46,0,0.041,0,0,0,-0.006,-0.003,19.39,19.84,18.85,0.269,46.04,47.5,44.95,0.639,1.717,3.2,0,0.518,1.911,879.6039,0
"2023-02-05 00:00:00",96,10.42,0,0.037,0,0,0,-0.006,-0.003,18.9,19.5,18.44,0.209,46.92,48.46,44.95,0.708,1.027,3.2,0,0.834,1.839,879.2999,0
"2023-02-05 01:00:00",97,10.38,0,0.112,0,0,0,-0.006,-0.003,18.54,18.99,18.17,0.151,47.4,48.76,45.26,0.7,1.139,2.45,0,0.619,1.766,879.2923,0
"2023-02-05 02:00:00",98,10.35,0,0.093,0,0,0,-0.006,-0.003,17.93,18.55,17.18,0.277,48.87,51.05,46.93,0.916,1.481,3.2,0,0.892,1.791,879.2916,0
"2023-02-05 03:00:00",99,10.2,0,0.146,0,0,0,-0.006,-0.003,17.68,18.59,16.64,0.605,48.76,52.38,46.15,1.872,2.096,3.95,0,0.643,1.718,879.1852,0
"2023-02-05 06:00:00",100,8.83,214.9,575.4,44.43,290.1,0.011,0.423,0.181,17.94,20.28,15.45,1.288,52.87,58.08,46.14,2.244,0.688,3.2,0,0.812,1.476,876.1884,0
"2023-02-05 07:00:00",101,11.18,434.5,782.4,58.95,537.5,0.036,1.439,0.617,22.08,23.83,20.18,0.865,41.75,48.29,36.43,2.84,0.847,3.95,0,0.818,2.274,880.9078,0
"2023-02-05 08:00:00",102,13.13,640.5,855,75.35,771.6,0.078,3.123,1.339,23,23.88,21.95,0.387,37.79,41.2,35.5,1.188,1.785,4.7,0,0.965,2.564,880.7361,0
"2023-02-05 09:00:00",103,13.08,784.4,881,87.7,922,0.121,4.86,2.084,24.42,25.34,23.44,0.39,33.05,36.93,31,1.444,1.651,4.7,0,1.055,2.733,880.2988,0
"2023-02-05 10:00:00",104,13.07,869,898,94.7,1008,0.149,5.98,2.564,25.32,26.6,23.57,0.984,29.37,32.84,26.37,2.1,1.65,4.7,0,0.917,2.878,879.31,0
"2023-02-05 11:00:00",105,13.05,874,893,98.3,1010,0.15,5.981,2.565,26.69,28.85,25.58,0.807,26.54,29.16,23.34,1.354,1.793,6.2,0,1.103,2.878,878.0732,0
"2023-02-05 12:00:00",106,13.02,796,859,100.8,925,0.122,4.87,2.088,28.08,29.49,26.98,0.507,23.24,25.99,21.19,0.968,1.735,6.2,0,1.206,2.999,877.0468,0
"2023-02-05 13:00:00",107,12.99,649.5,795.6,97.9,765.3,0.08,3.191,1.369,30.08,31.1,28.92,0.483,20.2,22.04,18.7,0.763,1.342,5.45,0,1.167,3.096,876.119,0
"2023-02-05 14:00:00",108,12.99,441.4,667.7,88.1,535.2,0.037,1.495,0.641,30.7,31.85,29.22,0.608,19.31,20.68,18.26,0.565,1.131,3.95,0,0.985,3.072,875.546,0
"2023-02-05 15:00:00",109,12.99,212.4,441.6,64.39,269,0.011,0.436,0.187,30.26,31.23,28.68,0.549,19.69,21.84,18.57,0.683,0.756,3.2,0,0.761,2.951,875.4465,0
"2023-02-05 16:00:00",110,12.69,31.29,83.7,15.98,40.93,0.001,0.043,0.019,27.97,29.06,26.1,0.906,23.04,26.58,20.88,1.793,0.393,1.7,0,0.58,2.879,875.3406,0
"2023-02-05 17:00:00",111,12,0,0.01,0,0,0,-0.006,-0.003,24.53,26.2,22.84,1.15,29,32.13,25.93,2.082,2.333,3.95,0.95,0.809,2.54,875.6586,0
"2023-02-05 18:00:00",112,10.79,0,0.048,0,0,0,-0.006,-0.003,22.76,23.18,22.53,0.105,32.38,32.88,31.42,0.24,2.686,5.45,0,0.742,2.081,876.4383,0
"2023-02-05 19:00:00",113,10.67,0,0.254,0,0,0,-0.006,-0.003,23.94,24.58,22.67,0.509,23.15,32.61,18.37,4.387,3.604,7.7,0.95,1.176,1.815,876.7128,0
"2023-02-05 20:00:00",114,10.49,0,0.027,0,0,0,-0.006,-0.003,23.28,24.41,22.46,0.48,21.43,23.96,18.57,1.226,1.55,6.2,0,1.232,1.911,877.4,0
"2023-02-05 21:00:00",115,10.46,0,0.076,0,0,0,-0.006,-0.003,21.97,22.6,21.37,0.261,24.84,33.94,21.71,2.51,1.604,3.95,0,0.837,1.718,878.0555,0
"2023-02-05 22:00:00",116,10.42,0,0.011,0,0,0,-0.006,-0.003,20.77,22.26,19.6,0.757,37.64,41.68,31.25,2.176,0.538,3.95,0,0.694,1.645,878.3499,0
"2023-02-05 23:00:00",117,10.38,0,0.055,0,0,0,-0.006,-0.003,19.26,20.01,18.2,0.39,43.06,45.56,41.03,0.89,1.374,3.2,0,0.809,1.524,878.399,0
"2023-02-06 00:00:00",118,10.33,0,0.007,0,0,0,-0.006,-0.003,17.49,18.34,16.77,0.404,47.53,49.31,45.43,1.029,1.695,3.2,0,0.471,1.428,878.4095,0
"2023-02-06 01:00:00",119,9.52,0,0.014,0,0,0,-0.006,-0.002,16.45,17.29,15.59,0.348,49.42,51.19,47.61,0.861,2.14,3.2,0,0.499,1.21,878.2809,0
"2023-02-06 04:00:00",120,8.83,233.5,562.7,52.36,309.4,0.012,0.473,0.203,17.67,21.65,15.18,1.636,42.73,48.54,33.5,3.945,1.471,3.2,0,1.004,1.645,870.2341,0
"2023-02-06 05:00:00",121,11.23,453.5,740,71.57,560,0.038,1.528,0.655,22.19,23.04,21.44,0.357,32.95,36.53,29.75,1.21,1.078,4.7,0,0.876,2.202,880.072,0
"2023-02-06 06:00:00",122,13.13,659.8,831,87,787.9,0.081,3.233,1.386,22.95,24.09,22.05,0.511,30.88,32.78,29.37,0.724,2.239,5.45,0,1.026,2.492,879.8051,0
"2023-02-06 07:00:00",123,13.09,802,875,96.4,938,0.123,4.927,2.113,24.46,25.79,23.37,0.492,28.21,30.77,25.69,1.192,1.807,5.45,0,1.135,2.661,878.9968,0
"2023-02-06 08:00:00",124,13.07,880,900,98.6,1016,0.152,6.06,2.599,25.58,26.67,24.08,0.588,26.16,28.21,24.29,0.915,1.749,4.7,0,1.044,2.902,877.7482,0
"2023-02-06 09:00:00",125,13.05,887,923,91.7,1023,0.155,6.219,2.667,27.11,28.34,26.16,0.492,23.82,25.55,21.29,0.683,1.446,3.95,0,0.972,2.878,876.4124,0
"2023-02-06 10:00:00",126,13.02,800,896,89.6,931,0.125,4.985,2.138,28.61,30.18,27.21,0.779,21.64,23.17,19.89,0.812,1.125,4.7,0,0.876,3.048,874.9619,0
"2023-02-06 11:00:00",127,12.99,640.3,809,93.6,752.2,0.076,3.05,1.308,29.92,30.89,28.95,0.421,20.44,21.43,19.35,0.43,1.673,5.45,0,1.172,2.999,874.0512,0
"2023-02-06 12:00:00",128,13,400.5,612.1,91.8,482.9,0.029,1.147,0.492,29.8,30.93,28.95,0.462,20.87,22.18,19.21,0.629,1.791,5.45,0,1.189,2.903,873.5006,0
"2023-02-06 13:00:00",129,12.93,189.3,424.5,58.62,240.9,0.009,0.35,0.15,29.52,30.52,28.51,0.552,19.41,20.85,17.85,0.684,0.964,3.95,0,0.843,2.782,873.2419,0
"2023-02-06 14:00:00",130,12.67,21.05,66.81,10.52,27.26,0.001,0.027,0.012,27.14,28.82,25.08,1.146,22.83,27.26,19.22,2.452,0.287,2.45,0,0.644,2.685,872.8904,0
"2023-02-06 15:00:00",131,11.87,0,0.007,0,0,0,-0.006,-0.003,23.36,25.22,22.05,0.877,30.89,33.98,26.65,1.707,2.342,3.95,0,0.644,2.347,873.3837,0
"2023-02-06 16:00:00",132,10.78,0,0.008,0,0,0,-0.006,-0.003,21.45,22.23,20.96,0.37,34.48,36.09,32.51,0.915,1.725,3.95,0,1.077,2.129,874.2021,0
"2023-02-06 17:00:00",133,10.65,0,0.057,0,0,0,-0.006,-0.003,20.96,21.65,19.98,0.411,35.35,37.86,33.6,1.03,0.83,2.45,0,0.747,1.984,874.6423,0
"2023-02-06 18:00:00",134,10.47,0,0.149,0,0,0,-0.006,-0.003,20.65,21.27,20.15,0.272,36.58,39.05,35.24,0.844,1.661,4.7,0,1.083,1.936,875.0498,0
"2023-02-06 19:00:00",135,10.44,0,0.067,0,0,0,-0.006,-0.003,19.93,20.69,19.19,0.327,38.38,40.72,35.61,1.127,1.88,3.95,0,0.877,1.887,875.1887,0
"2023-02-06 20:00:00",136,10.4,0,0.061,0,0,0,-0.006,-0.003,19.71,20.28,18.99,0.26,38.96,43.07,37.76,0.895,0.846,3.2,0,0.887,1.742,875.0402,0
"2023-02-06 21:00:00",137,10.37,0,0.086,0,0,0,-0.006,-0.003,18.75,19.67,17.93,0.427,41.51,44.27,39.22,1.254,1.698,3.2,0,0.944,1.742,875.2396,0
"2023-02-06 22:00:00",138,10.24,0,0.087,0,0,0,-0.006,-0.003,18.03,19.09,17.11,0.514,42.82,46.14,39.22,1.681,2.087,3.2,0,0.53,1.742,875.3444,0
"2023-02-06 23:00:00",139,9.06,0,0.054,0,0,0,-0.006,-0.003,17.07,17.9,16.13,0.456,46.11,49.04,43.48,1.442,2.147,3.95,0,0.54,1.67,875.4697,0
"2023-02-07 04:00:00",140,8.87,238.9,538.9,59.44,317.4,0.014,0.543,0.233,20.42,23.18,17.63,1.593,48.58,53.99,43.89,2.817,0.268,1.7,0,0.493,1.911,863.3052,0
"2023-02-07 05:00:00",141,11.22,474.9,717.1,81.3,581,0.043,1.739,0.746,23.39,24.37,22.39,0.477,47.79,51.83,42.15,2.337,1.446,4.7,0,1.208,2.419,878.1069,0
"2023-02-07 06:00:00",142,13.11,668,788,100.8,792.8,0.086,3.448,1.479,23.52,24.73,22.63,0.564,47.37,50.94,43.71,1.65,2.594,6.2,0,1.093,2.612,878.0065,0
"2023-02-07 07:00:00",143,13.08,810,848,108.8,942,0.13,5.206,2.232,24.28,25.65,22.96,0.683,45.88,49.67,42.28,1.827,2.155,5.45,0,1.188,2.782,877.3812,0
"2023-02-07 08:00:00",144,13.05,873,873,106.5,1003,0.153,6.105,2.618,26.12,27.08,25.34,0.382,40.43,43.64,36.25,1.204,1.739,5.45,0,1.107,2.854,876.3326,0
"2023-02-07 09:00:00",145,13.04,844,839,112.1,970,0.144,5.761,2.47,27.22,28.95,25.95,0.808,33.43,38.22,29.64,2.312,1.575,5.45,0,1.033,2.927,875.157,0
"2023-02-07 10:00:00",146,13,749,791.9,119.7,867,0.113,4.509,1.934,28.62,30.07,26.84,0.854,29.65,32.98,26.98,1.444,1.428,4.7,0,0.983,3.144,874.17,0
"2023-02-07 11:00:00",147,12.99,559.4,628.4,139,646.2,0.066,2.64,1.132,30.01,31.74,28.03,1.105,27.65,31.03,24.94,1.602,1.074,3.2,0,0.785,3.072,873.2928,0
"2023-02-07 12:00:00",148,12.98,376.5,548.6,106.9,449.7,0.028,1.138,0.488,30.3,31.71,29.26,0.484,26.01,27.97,24.63,0.708,1.495,3.95,0,0.918,2.927,872.7767,0
"2023-02-07 13:00:00",149,12.85,153.9,326,61.25,194.9,0.007,0.282,0.121,29.25,30.11,28.68,0.297,26.02,26.98,24.87,0.367,1.455,3.95,0,0.787,2.757,872.426,0
"2023-02-07 14:00:00",150,12.52,12.26,19.85,7.655,13.5,0,0.013,0.006,27.33,28.89,25.83,0.803,28.84,32.64,26.27,1.644,0.082,1.7,0,0.303,2.661,872.3743,0
"2023-02-07 20:00:00",151,10.87,0,0.016,0,0,0,-0.006,-0.003,24.19,25.83,23.08,0.798,35.07,38.3,30.84,1.914,1.815,4.7,0,0.911,2.153,872.9102,0
"2023-02-07 21:00:00",152,10.66,0,0.077,0,0,0,-0.006,-0.003,23.4,24.24,22.74,0.368,36.99,39.8,33.53,1.674,1.273,3.95,0,0.984,1.863,873.7521,0
"2023-02-07 22:00:00",153,10.39,0,0.017,0,0,0,-0.006,-0.003,21.93,22.94,21.07,0.547,41.16,43.41,39.43,0.902,1.527,3.2,0,0.845,1.863,874.2907,0
"2023-02-07 23:00:00",154,10.45,0,0.067,0,0,0,-0.006,-0.003,21.01,21.71,20.08,0.31,43.24,46.96,41.1,1.014,1.866,6.2,0,0.922,1.718,874.8304,0
"2023-02-08 00:00:00",155,10.42,0,0.053,0,0,0,-0.006,-0.003,20.39,21.2,19.7,0.371,45.66,48.63,42.49,1.51,0.857,2.45,0,0.78,1.669,875.5297,0
"2023-02-08 01:00:00",156,10.37,0,0.033,0,0,0,-0.006,-0.003,19.38,19.94,18.85,0.27,49.74,51.59,47.71,1.095,2.504,3.95,0.95,0.405,1.573,875.7436,0
"2023-02-08 02:00:00",157,9.58,0,0.066,0,0,0,-0.006,-0.003,18.83,19.29,18.1,0.274,52.29,55.03,50.5,1.082,1.963,3.95,0,0.648,1.5,875.7026,0
"2023-02-08 03:00:00",158,9.73,0,0.047,0,0,0,-0.006,-0.003,19.15,19.4,18.61,0.142,49.77,50.88,48.76,0.521,2.075,3.95,0.95,0.607,1.403,875.3577,0
"2023-02-08 07:00:00",159,10.5,161.4,431.8,60.55,247.1,0.009,0.369,0.158,19.2,22.05,17.57,1.109,55.67,59.41,49.04,2.547,0.01,0.95,0,0.096,1.645,873.9022,0
"2023-02-08 08:00:00",160,11.14,352.7,584.6,91.5,458.1,0.028,1.132,0.485,23.1,24.44,21.99,0.658,48.69,52.41,45.6,1.627,0.591,3.2,0,0.799,2.25,877.856,0
"2023-02-08 09:00:00",161,13.11,556,723.4,110.5,704.1,0.07,2.816,1.208,23.91,25.35,23,0.529,49.84,52.88,46,1.288,1.352,4.7,0,0.826,2.491,877.8619,0
"2023-02-08 10:00:00",162,13.07,675.8,771.1,129,869,0.114,4.579,1.964,24.8,25.68,23.47,0.442,47.58,50.56,45.04,1.149,1.434,4.7,0,0.94,2.83,877.729,0
"2023-02-08 11:00:00",163,13.04,747.5,797.7,138.7,963,0.146,5.831,2.501,25.95,26.94,24.52,0.646,43.43,48.07,39.55,2.194,1.585,4.7,0,0.968,2.999,877.13,0
"2023-02-08 12:00:00",164,13.04,771.1,800,144.9,981,0.151,6.022,2.582,26.94,27.86,25.99,0.407,39.45,41.8,37.3,1.034,1.662,5.45,0,1.004,2.878,876.2615,0
"2023-02-08 13:00:00",165,13.02,712.9,807,129.4,923,0.133,5.319,2.281,28.68,29.9,27.76,0.426,34.5,37.92,30.42,1.831,1.921,6.2,0,1.259,3.169,875.2465,0
"2023-02-08 14:00:00",166,13,628.4,771.7,118.1,785.1,0.093,3.709,1.591,29.49,30.59,28.75,0.431,31.26,33.32,28.45,0.849,2.496,7.7,0,1.502,3.072,874.1918,0
"2023-02-08 15:00:00",167,12.99,457.9,687,100.7,576.9,0.048,1.904,0.817,30.31,31.2,29.73,0.285,29.45,31.14,27.97,0.598,2.919,6.95,0,1.265,2.975,873.5056,0
"2023-02-08 16:00:00",168,13.01,226.6,521.6,72.11,319.7,0.016,0.621,0.266,30.02,30.76,29.02,0.434,29.28,30.76,27.83,0.638,2.308,6.2,0,1.167,2.999,873.353,0
