"TOA5","Esolmet_CR6_IP","CR6","9884","CR6.Std.12.01","CPU:20230316_Esolmet_CR6.CR6","14428","Table1_60min"
"TIMESTAMP","RECORD","BattV","PTemp_C","I_glo_Avg","I_dir_Avg","I_dif_Avg","I_glo_inc_Avg","I_uv_Avg","Indice_UV_1","Indice_UV_2","AirTC_Avg","AirTC_Max","AirTC_Min","AirTC_Std","RH","RH_Max","RH_Min","WS_ms_Avg","WS_ms_Max","WS_ms_Min","WS_ms_Std","WindDir","CS106_PB_Avg","Rain_mm_Tot"
"TS","RN","Volts","Deg C","W/m2","W/m2","W/m2","W/m2","W/m2","I-UV","MED/hr","Deg C","Deg C","Deg C","Deg C","%","%","%","meters/second","meters/second","meters/second","meters/second","degrees","mbar","mm"
"","","Smp","Smp","Avg","Avg","Avg","Avg","Avg","Smp","Smp","Avg","Max","Min","Std","Smp","Max","Min","Avg","Max","Min","Std","Smp","Avg","Tot"
"2023-03-16 15:00:00",0,13.32,33.74,882,891,108.4,922,0.15,5.005,2.146,29.38,30.11,28.84,0.273,27.43,29.39,26.63,3.928,6.725,0,1.457,0,1011.642,0
"2023-03-16 16:00:00",1,13.31,34.75,695,710.1,157.2,722.4,0.094,2.971,1.274,30.03,31.17,29.16,0.439,23.38,27.94,23.2,3.859,10.18,0.475,1.607,0,1015.24,0
"2023-03-16 17:00:00",2,13.4,30.47,484.8,535.5,170.3,500.1,0.043,1.084,0.465,27.53,31.35,25.36,1.643,31.09,34.11,22.77,5.226,8.85,1.75,1.789,0,1015.18,0
"2023-03-16 18:00:00",3,13.04,28.2,256.6,427.4,98,265.6,0.013,0.154,0.066,25.85,26.79,25.04,0.514,33.77,34.25,30.62,6.187,10.35,2.975,1.469,0,1015.291,0
"2023-03-16 19:00:00",4,12.96,26.66,21.33,7.91,17.11,20.51,0.001,0.009,0.004,25.43,25.73,25.15,0.183,30.72,33.84,29.97,3.381,7.6,0.35,1.585,0,1015.911,0
"2023-03-16 20:00:00",5,12.89,25.87,0,0.048,0,0,0,0.005,0.002,25.66,25.91,25.38,0.173,32.02,32.59,30.17,0.896,2.65,0,0.843,0,1016.569,0
"2023-03-16 21:00:00",6,11.05,24.88,0,0.021,0,0,0,0.01,0.004,24.87,25.4,24.26,0.32,35.37,35.37,31.91,0.974,3.15,0,0.867,0,1017.45,0
"2023-03-16 22:00:00",7,10.75,23.32,0,0.013,0,0,0,0.007,0.003,23.29,24.25,21.9,0.694,41.14,42.14,35.61,1.06,3,0,0.917,0,1018.356,0
"2023-03-16 23:00:00",8,10.7,21.75,0,0.011,0,0,0,0.013,0.005,21.45,22.71,20.74,0.605,45.4,46.71,40.23,1.589,2.725,0,0.607,0,1018.838,0
"2023-03-17 00:00:00",9,10.65,20.73,0,0.001,0,0,0,0.008,0.003,20.39,21.06,20.03,0.224,48.02,48.27,45.59,1.822,2.35,0.95,0.265,0,1018.872,0
"2023-03-17 01:00:00",10,10.65,20.33,0,0.037,0,0,-0.009,0.008,0.003,19.92,20.22,19.73,0.096,47.02,48.73,46.96,1.904,2.5,0.875,0.288,0,1018.684,0
"2023-03-17 02:00:00",11,10.65,20.32,0,0.026,0,0,-0.024,0.009,0.004,20.21,20.38,19.86,0.115,47.52,47.71,46.41,1.785,2.85,0.425,0.446,0,1018.451,0
"2023-03-17 03:00:00",12,10.6,19.61,0,0.007,0,0,-0.021,0.008,0.003,19.62,19.86,19.16,0.211,49.19,49.27,46.77,1.333,2.95,0,0.843,0,1017.892,0
"2023-03-17 04:00:00",13,10.58,19.12,0,0.083,0,0,-0.018,0.008,0.003,19.04,19.29,18.75,0.136,47.49,50.14,47.33,1.192,2.475,0,0.792,0,1017.729,0
"2023-03-17 05:00:00",14,10.58,18.87,0,0.003,0,0,-0.018,0.008,0.003,19.05,19.24,18.62,0.118,49.63,49.63,47.47,0.607,2.2,0,0.721,0,1017.763,0
"2023-03-17 06:00:00",15,10.54,18.04,0,0.035,0,0,-0.005,0.008,0.003,17.91,18.62,17.33,0.335,51.8,54.42,49.73,1.906,2.85,0,0.623,0,1017.88,0
"2023-03-17 07:00:00",16,10.53,17.66,2.854,5.613,0,2.509,-0.02,0.047,0.02,17.62,18.22,17.19,0.308,53.16,54.1,50.55,1.751,2.775,0.425,0.493,0,1018.398,0
"2023-03-17 08:00:00",17,11.27,18.85,122.3,356.5,22.78,129.8,0.005,0.49,0.21,19.25,22.21,17.41,1.252,41.93,53.07,41.93,0.693,2.1,0,0.649,0,1018.878,0
"2023-03-17 09:00:00",18,13.76,22.89,369.3,653.4,73.33,389.7,0.027,1.781,0.764,23.14,24.27,22.25,0.61,39.1,42.07,38.44,0.885,2.375,0,0.649,0,1019.403,0
"2023-03-17 10:00:00",19,13.66,25.97,615.7,794.4,93,644.8,0.068,3.868,1.659,24.59,25.59,23.83,0.385,35.7,40.23,35.56,1.678,3.5,0,0.743,0,1019.626,0
"2023-03-17 11:00:00",20,13.57,28.44,819,859,101,857,0.129,6.23,2.672,25.5,26.24,24.88,0.317,35.45,37.49,33.87,1.505,3.45,0,0.783,0,1019.19,0
"2023-03-17 12:00:00",21,13.47,30.25,956,882,113,992,0.175,7.604,3.261,26.34,27.31,25.37,0.467,33.13,36.04,32.02,1.91,4.475,0,0.965,0,1018.401,0
"2023-03-17 13:00:00",22,13.44,31.83,1012,886,122.7,1045,0.194,7.564,3.243,27.61,28.44,26.56,0.344,30.27,33.5,29.8,2.174,4.8,0,0.932,0,1017.392,0
"2023-03-17 14:00:00",23,13.33,34.18,980,846,139.6,1008,0.177,6.456,2.768,29.04,29.79,28.13,0.427,27.76,30.35,27.38,1.918,4.875,0,1.033,0,1016.052,0.1
"2023-03-17 15:00:00",24,13.3,35.09,885,828,136.3,913,0.145,4.98,2.135,29.6,30.32,28.82,0.378,26.62,28.56,25.97,2.252,5.375,0,0.995,0,1014.904,0.1
"2023-03-17 16:00:00",25,13.25,36.21,710.6,777.2,123.3,740.3,0.095,2.688,1.153,31.13,31.82,30.09,0.445,23.23,26.61,22.38,2.267,5.125,0,1.176,0,1013.829,0
"2023-03-17 17:00:00",26,13.25,35.72,474.2,684,95.6,501.7,0.045,1.024,0.439,31.57,32.35,30.92,0.299,21.28,23.86,20.46,2.93,5.975,0.375,1.314,0,1013.004,0
"2023-03-17 18:00:00",27,13.01,34.02,225.2,506.4,62.87,239.3,0.013,0.193,0.083,31.41,32.29,30.58,0.473,22.1,22.32,20.18,2.293,5.2,0.225,1.252,143.8,1012.815,0
"2023-03-17 19:00:00",28,12.72,30.67,28.85,73.75,15.56,28.87,0.002,0.012,0.005,29.49,30.7,28.62,0.695,25.23,25.45,22.03,1.564,3.45,0.225,0.635,143,1013.264,0
"2023-03-17 20:00:00",29,10.93,28.73,0,0.082,0,0,0,0.008,0.003,28.17,28.62,27.85,0.179,29.07,29.07,25.25,1.509,5.4,0,1.576,225.9,1013.953,0
"2023-03-17 21:00:00",30,10.78,27.64,0,0.002,0,0,0,0.008,0.004,26.85,27.89,25.07,0.851,32.16,32.49,28.87,2.53,4.225,1.65,0.465,319.7,1014.899,0
"2023-03-17 22:00:00",31,10.69,25.54,0,0.003,0,0,0,0.01,0.004,24.8,25.11,24.56,0.099,34,34.33,31.88,1.271,3.3,0,1.242,235.6,1015.788,0
"2023-03-17 23:00:00",32,10.67,24.72,0,0.101,0,0,-0.006,0.01,0.004,24.13,24.71,23.62,0.286,45.93,45.93,33.92,1.537,5.475,0,1.531,108,1016.617,0
"2023-03-18 00:00:00",33,10.65,23.9,0,0.001,0,0,-0.087,-4,-1.715,23.33,24.01,22.63,0.4,50.1,50.97,46.13,1.006,3.375,0,0.88,13.22,1017.464,0
"2023-03-18 01:00:00",34,10.63,23.35,0,0.044,0,0,-0.1,-4,-1.715,22.53,22.78,22.18,0.172,50.66,52.09,49.76,0.591,1.85,0,0.533,149.6,1017.568,0
"2023-03-18 02:00:00",35,10.62,22.76,0,0.013,0,0,-0.1,-4,-1.715,22.4,22.74,21.87,0.283,53.94,53.94,50.56,0.685,1.625,0,0.468,74.51,1017.258,0
"2023-03-18 03:00:00",36,10.55,21.36,0,0,0,0,-0.1,-4,-1.715,21.19,21.85,20.23,0.418,57.87,57.89,54.01,0.473,1.325,0,0.413,327.5,1016.83,0
"2023-03-18 04:00:00",37,10.52,20.76,0,0.038,0,0,-0.1,-4,-1.715,20.05,20.29,19.75,0.154,56.65,57.86,55.86,1.612,2.45,0,0.51,327.2,1016.736,0
"2023-03-18 05:00:00",38,10.54,20.84,0,0.018,0,0,-0.1,-4,-1.715,19.84,20.01,19.64,0.104,56.24,57.38,56.09,1.996,2.55,1.125,0.25,326.9,1016.676,0
"2023-03-18 06:00:00",39,10.5,20.46,0,0.009,0,0,-0.1,-4,-1.715,19.73,20.02,19.38,0.181,57.95,58.1,55.72,1.368,2.375,0,0.569,333.3,1017.043,0
"2023-03-18 07:00:00",40,10.49,20.15,3.294,1.333,0,2.732,-0.1,-4,-1.715,19.33,19.66,19.06,0.17,57.11,59.14,57.04,1.849,2.475,1.225,0.239,175.6,1017.519,0
"2023-03-18 08:00:00",41,11.16,20.48,89.2,136.5,12,92,-0.061,0.514,0.22,20.01,21.74,19.57,0.523,50.5,57.18,50.5,0.976,1.95,0,0.53,346.7,1018.322,0
"2023-03-18 09:00:00",42,13.68,24.27,364.9,575.8,93.4,380.5,0.028,1.889,0.81,23.68,25.28,21.76,1,41,50.64,40.79,0.938,2.4,0,0.657,117.6,1018.975,0
"2023-03-18 10:00:00",43,13.59,27.49,607.3,715.5,117.5,634.2,0.073,4.011,1.72,25.74,26.16,25.06,0.26,39.97,40.98,37.87,1.434,3.4,0,0.807,146.6,1019.272,0
"2023-03-18 11:00:00",44,13.19,29.32,790.4,749.6,143.3,825,0.129,4.815,2.065,25.71,26.46,24.86,0.384,38.97,42.2,38.38,1.77,3.825,0,0.796,47.04,1019.189,0
"2023-03-18 12:00:00",45,13.44,30.81,944,792.5,164.1,978,0.18,7.652,3.281,26.4,27.53,25.4,0.532,34.56,40.67,34.44,2.029,4.7,0,1.213,83.7,1018.591,0
"2023-03-18 13:00:00",46,13.4,32.54,1007,846,146.7,1040,0.205,8.31,3.563,28,29.07,27.14,0.511,32.62,35.67,31.77,1.985,5.275,0,1.14,29.04,1017.364,0
"2023-03-18 14:00:00",47,13.36,33.88,952,806,144.8,978,0.198,7.752,3.324,29.07,30.22,27.95,0.592,29.58,32.99,29.04,2.149,5.125,0,1.263,178.1,1016.082,0
"2023-03-18 15:00:00",48,13.3,34.75,844,745.6,156.3,868,0.157,5.423,2.326,29.88,30.55,28.78,0.441,27.48,31.23,26.24,3.803,9.25,0,1.702,193.1,1015.125,0
"2023-03-18 16:00:00",49,13.05,31.6,277.7,121,146.6,277.9,0.061,1.219,0.523,28.83,29.86,27.92,0.512,32.51,32.53,27.64,4.229,8.83,0.7,1.589,145.6,1014.265,0
"2023-03-18 17:00:00",50,12.96,29.57,156,27.19,116.1,154.7,0.023,0.681,0.292,27.92,28.81,26.14,0.722,30.82,31.48,26.38,4.135,9.85,0,2.312,322,1013.99,0
"2023-03-18 18:00:00",51,12.88,28.02,96.9,35.83,75.16,95.1,0.01,0.179,0.077,26.45,27.44,25.99,0.437,30.84,33.07,30.35,4.368,8.72,1.925,1.65,320.6,1014.067,0
"2023-03-18 19:00:00",52,11.07,27.56,20.97,20.46,15.97,18.16,0.002,0.012,0.005,26.69,27.31,26.06,0.389,36.89,36.89,30.71,1.473,2.575,0,0.637,151.8,1014.461,0
"2023-03-18 20:00:00",53,10.78,27.05,0,0.126,0,0,0,0.008,0.004,26.34,26.97,25.93,0.304,31.12,37.96,29.22,2.09,4.925,0,1.052,203.9,1015.365,0
"2023-03-18 21:00:00",54,10.69,26.28,0,0.014,0,0,0,0.008,0.004,25.98,26.99,24.97,0.638,39.65,39.69,31.18,3.795,6.275,1.875,0.958,223.1,1016.29,0
"2023-03-18 22:00:00",55,10.66,24.89,0,0.003,0,0,0,0.007,0.003,24.48,24.99,23.96,0.314,43.65,43.65,39.7,2.66,4.775,0.775,0.801,228.6,1017.126,0
"2023-03-18 23:00:00",56,10.65,23.42,0,0.001,0,0,-0.005,0.011,0.005,23.11,23.96,21.47,0.71,50.05,50.05,43.66,1.318,2.65,0,0.545,338.8,1017.944,0
"2023-03-19 00:00:00",57,10.62,21.72,0,0.001,0,0,-0.093,-4,-1.715,21,21.47,20.46,0.28,51.32,51.52,49.66,1.642,2.225,0,0.447,344.6,1018.4,0
"2023-03-19 01:00:00",58,10.58,20.8,0,0.029,0,0,-0.1,-4,-1.715,20.03,20.42,19.56,0.194,53.21,54.83,51.64,1.791,2.65,0,0.573,347.3,1018.625,0
"2023-03-19 02:00:00",59,10.54,20.42,0,0.016,0,0,-0.1,-4,-1.715,19.71,19.93,19.46,0.12,52.66,53.54,51.55,1.96,2.475,1.25,0.258,344.3,1018.792,0
"2023-03-19 03:00:00",60,10.53,19.9,0,0.006,0,0,-0.1,-4,-1.715,19.25,19.61,19,0.129,54.73,54.97,52.73,2.256,2.825,1.675,0.24,343.6,1018.592,0
"2023-03-19 04:00:00",61,10.48,19.88,0,0.038,0,0,-0.1,-4,-1.715,19.33,19.57,19.07,0.164,55.09,56.82,54.74,1.604,2.2,0.5,0.3,333.6,1018.551,0
"2023-03-19 05:00:00",62,10.45,20.35,0,0.046,0,0,-0.1,-4,-1.715,19.53,19.85,19.32,0.156,55.74,56.07,54.71,1.313,2.225,0,0.58,342.5,1018.822,0
"2023-03-19 06:00:00",63,10.44,20.21,0,0.006,0,0,-0.1,-4,-1.715,19.74,19.84,19.52,0.09,59.86,59.98,55.81,0.786,1.45,0,0.357,0.144,1019.208,0
"2023-03-19 07:00:00",64,10.46,19.22,3.007,0.389,0,2.981,-0.1,-4,-1.715,19,19.58,18.44,0.352,64.1,64.1,59.78,0.458,1.8,0,0.693,340.7,1019.861,0
"2023-03-19 08:00:00",65,10.58,20.11,63.31,17.66,0,63.42,-0.067,0.318,0.136,19.16,20.59,18.37,0.626,58.34,64.35,58.34,0.409,1.575,0,0.623,125.1,1020.597,0
"2023-03-19 09:00:00",66,13.7,23.95,369.9,509.2,79.44,375.9,0.029,2.032,0.871,23.27,25.24,20.61,1.491,44.27,58.67,42.77,0.563,2.025,0,0.51,250.1,1021.438,0
"2023-03-19 10:00:00",67,13.6,26.82,649.6,727.6,136.1,668.4,0.078,4.38,1.878,24.29,25.36,23.11,0.577,45.27,48.19,42.78,1.488,3.2,0,0.793,237.1,1021.843,0
"2023-03-19 11:00:00",68,13.52,29.13,880,850,143.6,906,0.141,6.778,2.907,24.91,25.89,23.88,0.595,45.11,46.9,40.75,1.778,4.15,0,0.987,239.2,1021.625,0
"2023-03-19 12:00:00",69,13.32,30.39,784,630.1,149.7,812,0.161,4.398,1.886,25.7,26.73,24.37,0.601,43.13,44.81,38.66,1.455,3.475,0,0.707,144.7,1020.981,0
"2023-03-19 13:00:00",70,13.44,30.52,793.6,586.4,162.2,825,0.177,8.82,3.783,26.39,27.64,24.9,0.732,34.73,43.17,33.45,1.735,4.3,0,0.853,93,1019.959,0
"2023-03-19 14:00:00",71,13.37,32.27,858,696.1,141,890,0.185,7.645,3.278,27.54,28.55,26.57,0.525,29.1,34.97,27.56,2.377,7,0.3,1.515,72.99,1018.659,0
"2023-03-19 15:00:00",72,13.09,33.48,759.3,665.7,132.7,775.8,0.148,2.735,1.173,28.82,29.44,27.52,0.446,27.44,28.99,26.05,2.731,6.825,0,1.496,179.1,1017.37,0
"2023-03-19 16:00:00",73,13.32,33.81,576.1,514.8,174.2,582.9,0.088,3.103,1.331,29.29,30.71,27.56,0.96,22.91,29.22,22.49,2.897,5.575,0.225,1.294,141,1016.464,0
"2023-03-19 17:00:00",74,13.32,34.42,504,709.9,106.2,522.8,0.049,1.129,0.484,30.27,31.01,29.68,0.309,21.75,24.32,21.75,3.568,8.3,0.475,1.537,230.3,1015.913,0
"2023-03-19 18:00:00",75,12.97,33.43,257.6,626.3,62.44,270.8,0.015,0.21,0.09,29.98,30.69,29.22,0.418,22.38,23.03,21.31,2.872,5.925,0.35,1.193,181.7,1015.967,0
"2023-03-19 19:00:00",76,12.89,29.64,28.16,105.6,14.17,29.41,0.002,0.011,0.005,28.39,29.5,27.73,0.445,22.43,23.09,21.52,2.588,4.775,0.95,0.714,206.3,1016.235,0
"2023-03-19 20:00:00",77,12.01,26.81,0,0,0,0,0,0.009,0.004,26.75,27.73,25.35,0.752,27.06,27.84,22.44,0.836,1.9,0,0.62,315.2,1016.672,0
"2023-03-19 21:00:00",78,10.89,24.61,0,0.044,0,0,0,0.009,0.004,24.11,26.04,22.8,0.907,32.66,32.66,23.72,2.919,4.6,0,0.858,320,1017.428,0
"2023-03-19 22:00:00",79,10.7,23.16,0,0.009,0,0,0,0.01,0.004,22.84,23.08,22.35,0.204,36.08,36.1,31.88,1.827,3.775,0,1.145,166.6,1018.058,0
"2023-03-19 23:00:00",80,10.66,22.86,0,0.096,0,0,0,0.009,0.004,22.65,23.11,21.81,0.391,35.5,37.66,31.6,2.147,6.575,0,1.425,347.1,1018.891,0
"2023-03-20 00:00:00",81,10.64,21.43,0,0.014,0,0,0,0.008,0.003,21.38,21.95,20.81,0.238,39.48,39.86,35.41,0.794,3.325,0,0.793,347.5,1019.695,0
"2023-03-20 01:00:00",82,10.61,21.09,0,0.08,0,0,0,0.009,0.004,21.13,21.69,20.52,0.359,41.71,42.47,37.54,1.298,3.325,0,0.725,298.3,1020.171,0
"2023-03-20 02:00:00",83,10.57,20.3,0,0.007,0,0,-0.027,0.008,0.003,20.11,20.82,19.62,0.332,41.15,42.28,38.43,1.275,2.325,0,0.555,303.7,1020.087,0
"2023-03-20 03:00:00",84,10.53,19.54,0,0.002,0,0,-0.011,0.009,0.004,18.88,19.59,18.44,0.266,46.26,46.41,41.29,1.328,2.3,0,0.374,304.7,1019.906,0
"2023-03-20 04:00:00",85,10.53,18.79,0,0.018,0,0,-0.002,0.008,0.003,18.06,18.74,17.37,0.42,49.87,49.9,46.06,1.829,2.85,0.95,0.371,317,1019.802,0
"2023-03-20 05:00:00",86,10.48,17.72,0,0.01,0,0,0,0.008,0.004,17.08,17.79,16.44,0.437,53.72,53.72,49.34,2.163,3.25,1.375,0.427,313.5,1019.837,0
"2023-03-20 06:00:00",87,10.45,16.78,0,0.007,0,0,-0.002,0.01,0.004,16.15,16.97,15.58,0.401,56.72,56.97,52.09,1.858,2.575,0.25,0.449,11.6,1019.992,0
"2023-03-20 07:00:00",88,10.45,16.13,3.691,0.204,0,2.971,-0.001,0.057,0.025,15.53,16.37,15.03,0.45,59.94,60.19,54.93,1.734,2.575,0.7,0.277,333.2,1020.383,0
"2023-03-20 08:00:00",89,10.48,16.79,70.78,110.1,0,70.62,0.002,0.477,0.204,16.21,17.72,15.2,0.807,53.8,59.9,53.23,1.483,2.225,0,0.472,0,1020.923,0
"2023-03-20 09:00:00",90,13.82,19.47,254.8,254.1,60.36,261.2,0.027,2.06,0.883,19.06,24.89,17.15,2.214,35.75,56.02,35.75,0.409,1.4,0,0.488,1.772,1021.558,0
"2023-03-20 10:00:00",91,13.71,24.63,645.3,857,68.33,666.1,0.08,4.328,1.856,23.42,25,22.5,0.57,39.73,42.53,35.2,1.134,3.475,0,0.742,0,1021.953,0
"2023-03-20 11:00:00",92,13.6,26.96,843,905,75.37,873,0.139,6.752,2.896,23.87,24.81,23.1,0.436,38.57,41.44,37.85,1.825,3.875,0,0.845,176.6,1021.909,0
"2023-03-20 12:00:00",93,13.56,28.62,951,882,97.9,985,0.166,8.08,3.466,25.04,26.68,24.02,0.531,34.58,39.63,34.43,1.98,5.05,0,1.181,174.5,1021.385,0
"2023-03-20 13:00:00",94,13.48,30.56,1041,960,75.7,1073,0.215,8.86,3.801,26.07,27.06,25.15,0.561,32.5,37.25,31.73,1.818,4.775,0,1.189,192.3,1020.208,0
"2023-03-20 14:00:00",95,13.4,32.53,1021,959,76.07,1051,0.21,7.723,3.312,27.45,28.67,26.25,0.695,28.68,32.33,27.69,1.973,4.725,0,0.895,95.6,1018.821,0
"2023-03-20 15:00:00",96,13.33,34.11,900,896,90.6,927,0.159,5.278,2.263,29,29.67,27.71,0.502,25.68,29.79,25.65,2.535,6.85,0,1.435,129.5,1017.589,0
"2023-03-20 16:00:00",97,13.32,34.05,686.9,767,98.2,711,0.1,3.07,1.316,29.19,30.46,27.93,0.59,25.56,27.59,24.9,3.043,7.275,0.325,1.74,11.87,1016.62,0
"2023-03-20 17:00:00",98,13.28,34.37,526.7,760.9,102.9,543.9,0.05,1.098,0.471,29.94,30.85,29.06,0.489,24.43,26.9,23.96,3.546,7.725,0.3,1.436,111.1,1015.971,0
"2023-03-20 18:00:00",99,12.98,33.34,242.7,601.4,50.76,254.7,0.014,0.209,0.089,30.07,30.77,29.4,0.336,24.34,25.22,24.11,2.962,5.85,0,1.145,167.6,1015.66,0
"2023-03-20 19:00:00",100,12.88,30.14,36.59,152,14.26,37.72,0.002,0.008,0.003,28.79,30.03,27.99,0.569,26.61,26.61,24.32,1.877,4.1,0.475,0.629,171.5,1015.865,0
"2023-03-20 20:00:00",101,11.79,27.6,0,0.019,0,0,0,0.009,0.004,27.47,27.97,26.82,0.321,27.3,27.8,25.96,0.086,1.025,0,0.229,285.9,1016.331,0
"2023-03-20 21:00:00",102,10.9,25.37,0,0,0,0,0,0.009,0.004,24.33,26.83,23.57,0.79,35.48,35.95,27.47,2.181,4.375,0,0.819,323.2,1017.125,0
"2023-03-20 22:00:00",103,10.69,24.25,0,0.036,0,0,0,0.007,0.003,23.69,24.52,23.04,0.455,35.22,35.95,31.87,2.336,3.4,0.4,0.73,7.657,1017.864,0
"2023-03-20 23:00:00",104,10.64,22.92,0,0.052,0,0,0,0.009,0.004,22.92,23.35,22.53,0.259,39.99,39.99,34.7,0.66,3.75,0,1.053,0.154,1018.461,0
"2023-03-21 00:00:00",105,10.66,22.08,0,0.021,0,0,0,0.006,0.003,22.1,22.76,21.39,0.433,40.82,42.01,39.38,1.226,2.45,0,0.699,331.1,1018.693,0
"2023-03-21 01:00:00",106,10.6,21.06,0,0.013,0,0,0,-0.001,0,20.67,21.57,20.15,0.361,42.36,43.34,40.99,2.013,2.725,0.25,0.458,346.6,1018.848,0
"2023-03-21 02:00:00",107,10.56,20.57,0,0.056,0,0,-0.008,0.002,0.001,20.19,20.49,19.73,0.209,40.29,43.2,40.09,2.217,2.675,1.35,0.263,325.6,1018.777,0
"2023-03-21 03:00:00",108,10.58,20.31,0,0.107,0,0,-0.016,0.008,0.003,19.97,20.79,19.2,0.485,43.42,43.42,38.96,2.514,3.225,0.9,0.466,317.8,1018.692,0
"2023-03-21 04:00:00",109,10.54,19.36,0,0.018,0,0,-0.001,0.007,0.003,18.87,19.25,18.42,0.187,48.77,49.24,43.38,2.004,2.95,1.225,0.493,351.5,1018.732,0
"2023-03-21 05:00:00",110,10.49,18.86,0,0.034,0,0,-0.006,0.008,0.004,18.4,19.01,17.85,0.269,50.47,50.47,43.94,2.323,3.075,1.425,0.386,342.6,1018.942,0
"2023-03-21 06:00:00",111,10.44,18.05,0,0.014,0,0,-0.002,0.008,0.003,17.53,17.81,17.32,0.104,51.47,52.83,50.39,2.224,3.125,1.325,0.358,330.2,1019.381,0
"2023-03-21 07:00:00",112,10.46,17.81,4.807,16.97,0,4.378,-0.023,0.051,0.022,17.39,17.63,17.06,0.14,51.29,53.12,50.78,2.32,3.425,1.1,0.523,336.6,1020.24,0
"2023-03-21 08:00:00",113,11.23,18.99,148.4,488.4,21.55,153.9,0.007,0.589,0.252,18.66,21.4,17.22,1.182,42.19,52.32,41.78,1.329,1.975,0,0.59,351.5,1020.984,0
"2023-03-21 09:00:00",114,13.71,23.6,396.9,740.9,56.33,410.1,0.031,2.112,0.906,24.39,25.99,21.47,1.221,36.59,42.06,33.56,0.648,2.7,0,0.621,196.6,1021.414,0
"2023-03-21 10:00:00",115,13.61,26.76,643.6,847,68.47,663,0.081,4.39,1.882,25.24,25.85,24.81,0.234,39.3,40.21,36.4,1.848,3.3,0,0.7,158.7,1021.712,0
"2023-03-21 11:00:00",116,13.51,28.76,848,903,77.75,875,0.142,6.907,2.962,25.57,26.14,24.5,0.327,35.26,41.68,35.26,2.162,4.375,0,0.963,98.4,1021.467,0
"2023-03-21 12:00:00",117,13.43,31.27,981,933,80.8,1011,0.191,8.14,3.489,27.36,28.43,26.21,0.529,32.07,35.29,30.98,1.666,3.95,0,1.037,144.3,1020.832,0
"2023-03-21 13:00:00",118,13.4,32.85,1022,918,90.4,1051,0.206,8.01,3.436,28.34,29.83,27.41,0.645,29.35,32.45,26.79,1.954,4.25,0,0.912,60.47,1019.834,0
"2023-03-21 14:00:00",119,13.32,34.48,989,878,107.1,1015,0.194,6.852,2.938,29.58,30.72,28.47,0.653,25.3,29.29,24.38,2.1,5.175,0,1.182,202,1018.582,0
"2023-03-21 15:00:00",120,13.28,35.32,881,824,118.8,906,0.148,5.025,2.155,30.43,31.74,29.53,0.543,22.73,26.23,22.73,2.427,5.225,0,1.127,103,1017.422,0
"2023-03-21 16:00:00",121,13.22,36.84,704.9,763.1,114.5,728.4,0.093,2.5,1.072,31.83,32.78,30.6,0.518,22.16,24.13,21.05,1.898,5.325,0,1.08,85.7,1016.442,0
"2023-03-21 17:00:00",122,13.21,36.52,475.5,652.7,102.6,495.4,0.041,0.931,0.399,32.21,32.8,31.28,0.357,21.18,22.84,20.88,2.238,5.4,0.225,1.055,59.01,1015.873,0
"2023-03-21 18:00:00",123,12.97,35.26,223,462.9,68.63,232.2,0.012,0.18,0.077,32.02,32.76,31.2,0.502,22.05,22.85,20.19,1.335,3.4,0,0.706,111.2,1015.833,0
"2023-03-21 19:00:00",124,12.65,31.87,36.37,104.5,19.44,35.88,0.002,0.011,0.005,30.41,31.6,29.09,0.665,25.72,25.73,21.99,0.468,1.7,0,0.494,133,1016.096,0
"2023-03-21 20:00:00",125,11.09,28.74,0,0.001,0,0,0,0.009,0.004,28.08,29.07,26.47,0.819,30.92,30.92,25.69,0.976,2.8,0,0.885,337.7,1016.469,0
"2023-03-21 21:00:00",126,10.74,26.71,0,0.004,0,0,0,0.009,0.004,25.99,26.5,25.32,0.259,32.17,32.17,30.66,1.583,2.625,0,0.638,334.1,1017.13,0
"2023-03-21 22:00:00",127,10.69,25.32,0,0.004,0,0,0,0.014,0.006,24.82,25.27,24.18,0.354,33.19,33.4,31.47,1.619,2.425,0,0.558,342.4,1017.827,0
"2023-03-21 23:00:00",128,10.66,24.58,0,0.011,0,0,0,0.007,0.003,24.41,24.7,24.06,0.199,33,34.16,32.16,1.353,2,0,0.401,281.2,1018.382,0
"2023-03-22 00:00:00",129,10.66,23.66,0,0.014,0,0,0,0.007,0.003,23.49,24.18,23.01,0.345,36.02,36.71,33.06,1.593,2.95,0,0.928,195.6,1018.768,0
"2023-03-22 01:00:00",130,10.62,22.56,0,0.032,0,0,-0.002,0.009,0.004,22.64,23.16,21.49,0.446,39.35,39.35,34.5,0.877,2.7,0,0.826,334.1,1019.004,0
"2023-03-22 02:00:00",131,10.57,22.47,0,0.113,0,0,-0.032,-4,-1.715,22.32,22.96,21.17,0.546,34.1,41.12,33.58,2.033,2.875,1.325,0.336,14.51,1018.925,0
"2023-03-22 03:00:00",132,10.53,22.25,0,0.006,0,0,-0.1,-4,-1.715,22.31,22.74,21.86,0.237,36.28,36.28,33.91,1.9,2.45,0.7,0.273,344.1,1018.741,0
"2023-03-22 04:00:00",133,10.53,21.78,0,0.018,0,0,-0.1,-4,-1.715,21.61,21.82,21.4,0.107,35.91,36.94,35.11,2.033,2.65,0.9,0.379,319.3,1018.504,0
"2023-03-22 05:00:00",134,10.49,20.86,0,0.007,0,0,-0.1,-4,-1.715,21.27,21.78,20.64,0.37,39.05,39.58,35.01,0.396,1.525,0,0.477,57.94,1018.628,0
"2023-03-22 06:00:00",135,10.49,20.54,0,0.08,0,0,-0.1,-4,-1.715,20.81,21.29,20.5,0.223,39.76,39.9,36.68,1.043,2.05,0,0.609,338.9,1018.988,0
"2023-03-22 07:00:00",136,10.5,19.66,6.211,16.24,0,6.137,-0.1,-4,-1.715,20.09,20.46,19.82,0.163,41.38,42.58,39.45,0.303,1.75,0,0.516,178.5,1019.712,0
"2023-03-22 08:00:00",137,11.16,20.89,139.8,383.2,17.64,142.1,-0.013,0.553,0.237,22.13,24.26,20.02,1.459,32.55,41.31,32.12,0.094,1.1,0,0.267,166.1,1020.422,0
"2023-03-22 09:00:00",138,13.66,25.18,389.1,675.8,68.3,397.4,0.03,1.984,0.851,26.24,27.79,23.53,1.364,27.8,34.55,27.47,0.362,1.275,0,0.394,211.1,1021.088,0
"2023-03-22 10:00:00",139,13.52,28.65,636.4,808,79.87,651.2,0.076,4.162,1.785,27.22,27.86,26.16,0.368,30.89,30.89,27.91,1.475,3.075,0,0.735,162.4,1021.402,0
"2023-03-22 11:00:00",140,13.44,31.34,835,871,86.6,858,0.135,6.465,2.772,28.59,29.59,26.84,0.592,24.08,30.84,23.58,1.519,3.825,0,0.881,67.37,1021.244,0
"2023-03-22 12:00:00",141,13.4,33.13,970,901,91.2,994,0.181,7.423,3.183,29.56,30.46,28.74,0.347,23.68,26.02,23.68,1.856,4.875,0,1.326,146.4,1020.649,0
"2023-03-22 13:00:00",142,13.32,35.28,1023,904,96.2,1045,0.201,8.13,3.487,31.06,32.52,29.39,0.901,19.64,24.46,19.05,1.583,4.5,0,0.999,133.1,1019.408,0
"2023-03-22 14:00:00",143,13.25,36.51,970,849,110.1,989,0.177,5.288,2.267,31.78,32.74,30.9,0.424,17.65,21.34,17.51,1.901,5.45,0,1.33,188.1,1018.076,0
"2023-03-22 15:00:00",144,13.21,37.66,863,804,116.9,879,0.132,4.414,1.893,32.77,33.25,32.02,0.304,17.9,18.81,16.94,2.061,5.225,0,1.087,157.7,1016.79,0
"2023-03-22 16:00:00",145,13.2,37.91,676.6,709.6,119.9,692.1,0.076,1.889,0.81,33.43,34.08,32.84,0.317,16.36,18,16.09,2.447,4.95,0,1.208,38.71,1015.871,0
"2023-03-22 17:00:00",146,13.21,38.13,471.2,662.9,95.2,486.7,0.039,0.963,0.413,34.12,35.17,33.32,0.481,14.74,16.76,14.04,2.34,5.875,0,1.302,226.2,1015.428,0
"2023-03-22 18:00:00",147,12.96,36.26,220.1,455.6,65.3,228.3,0.012,0.178,0.076,33.69,34.66,32.97,0.483,15.62,16.22,14.04,2.24,5.2,0,1.212,267.8,1015.124,0
"2023-03-22 19:00:00",148,11.59,32.66,17.53,22.09,11.1,15.91,0.001,0.01,0.004,31.85,33.11,31,0.497,17.78,17.78,15.62,2.22,3.975,1.05,0.543,299.3,1015.321,0
"2023-03-22 20:00:00",149,10.89,29.57,0,0,0,0,0,0.008,0.003,29.11,30.98,27.4,1.284,23,23,17.77,3.011,4.375,1.825,0.788,319.8,1015.871,0
"2023-03-22 21:00:00",150,10.72,27.39,0,0.036,0,0,0,0.009,0.004,26.96,27.38,26.6,0.213,24.24,24.98,23.04,1.88,4.1,0,1.12,35,1016.448,0
"2023-03-22 22:00:00",151,10.7,26.28,0,0.075,0,0,0,0.008,0.004,26.25,26.94,25.66,0.323,26.43,27.38,23.73,1.309,2.875,0,0.648,63,1017.479,0
"2023-03-22 23:00:00",152,10.66,25.44,0,0.025,0,0,0,0.012,0.005,25.5,26.3,24.73,0.534,28.01,28.93,25.75,0.209,2.475,0,0.618,334.5,1018.435,0
"2023-03-23 00:00:00",153,10.61,24.81,0,0.042,0,0,0,0.01,0.004,24.48,25.02,23.65,0.329,29.69,30.06,27.71,1.936,2.6,0.525,0.403,343.5,1019.118,0
"2023-03-23 01:00:00",154,10.58,24.22,0,0.058,0,0,-0.052,-4,-1.715,23.75,24.43,23.1,0.375,32.75,32.75,27.09,2.096,2.925,1.425,0.319,327.5,1019.49,0
"2023-03-23 02:00:00",155,10.58,23.07,0,0.003,0,0,-0.1,-4,-1.715,23.01,23.44,22.47,0.321,32.28,32.96,30.82,1.26,1.95,0,0.463,0.158,1019.5,0
"2023-03-23 03:00:00",156,10.53,22.17,0,0.02,0,0,-0.1,-4,-1.715,21.99,22.56,21.32,0.356,33.09,34.67,31.48,1.781,2.75,0,0.58,19.35,1019.22,0
"2023-03-23 04:00:00",157,10.54,21.65,0,0.015,0,0,-0.1,-4,-1.715,21.24,21.67,20.57,0.345,34.64,35.53,32.28,2.074,2.85,0.65,0.439,4.599,1018.942,0
"2023-03-23 05:00:00",158,10.49,20.76,0,0.089,0,0,-0.1,-4,-1.715,20.78,21.33,20.35,0.31,32.63,35.77,32.63,1.172,2.3,0,0.672,12.19,1018.939,0
"2023-03-23 06:00:00",159,10.45,20.71,0,0.052,0,0,-0.1,-4,-1.715,20.83,21.35,20.42,0.219,34.27,34.58,32.6,1.117,2.475,0,0.714,330.4,1019.214,0
"2023-03-23 07:00:00",160,10.49,20.09,6.171,17.2,0,6.02,-0.1,-4,-1.715,20.52,20.79,20.1,0.201,36.5,37.61,33.47,0.549,1.7,0,0.568,152.7,1019.827,0
"2023-03-23 08:00:00",161,11.17,21.03,144.5,406.6,20.07,145.4,-0.007,0.604,0.259,21.98,24.66,20.17,1.398,29.17,37.72,29.17,0.045,0.95,0,0.177,242.8,1020.58,0
"2023-03-23 09:00:00",162,13.12,26.14,373.1,513,123.1,372.7,0.03,1.362,0.584,26.61,27.53,24.72,0.693,27.48,29.44,24.66,0.514,2.325,0,0.765,141.8,1021.195,0
"2023-03-23 10:00:00",163,13.51,28.86,600.3,690.3,104.1,607.5,0.079,4.435,1.902,27.09,28.16,25.36,0.875,26.16,27.2,22.93,1.294,3.275,0,0.826,217.4,1021.448,0
"2023-03-23 11:00:00",164,13.48,30.87,832,848,95.4,854,0.144,7.004,3.003,27.73,28.79,26.58,0.511,30.33,31.59,25.03,1.731,4.225,0,0.888,267,1021.055,0
"2023-03-23 12:00:00",165,13.43,32.08,969,886,96.8,990,0.195,8.43,3.616,28.13,29.17,27.37,0.478,30.77,33.19,29.39,2.096,4.325,0,0.903,212.1,1020.249,0
"2023-03-23 13:00:00",166,13.36,34.07,1029,887,108.9,1047,0.218,8.87,3.805,29.6,30.73,28.5,0.637,28.89,31.33,28.2,2.305,4.85,0,1.155,184.9,1019.023,0
"2023-03-23 14:00:00",167,13.29,35.75,995,839,133.2,1005,0.206,7.642,3.277,30.88,32.06,29.97,0.565,25.7,28.57,25.7,2.167,5.55,0,1.044,174.3,1017.523,0
"2023-03-23 15:00:00",168,13.21,37.77,887,833,113.4,901,0.159,5.123,2.197,32.38,33.73,31.34,0.615,24.51,26.01,22.68,1.894,4.725,0,1.08,29.31,1016.187,0
"2023-03-23 16:00:00",169,13.21,37.84,606.3,580.1,127.4,617.6,0.091,2.652,1.137,32.95,33.57,31.9,0.295,21.3,24.66,20,2.195,4.675,0.3,0.865,155.8,1015.149,0
"2023-03-23 17:00:00",170,13.05,38.3,485.9,609.3,124.8,493.6,0.046,0.861,0.369,34.02,35.1,32.74,0.676,17.54,22.3,16.9,1.888,4.575,0,0.911,82.5,1014.538,0
"2023-03-23 18:00:00",171,12.96,36.77,208.6,312.6,95.9,211.3,0.012,0.187,0.08,33.62,34.37,32.63,0.517,20.43,20.43,17.35,1.912,4.525,0,0.795,151.4,1014.379,0
"2023-03-23 19:00:00",172,11.19,33.19,33.12,74.24,18.99,31.32,0.002,0.01,0.004,31.91,33.27,30.59,0.731,23.42,23.58,20.36,0.818,2.925,0,0.823,116.9,1014.587,0
"2023-03-23 20:00:00",173,10.89,30.75,0,0.173,0,0,0,0.008,0.003,30.23,30.56,29.62,0.267,23.11,25.47,23.06,1.488,5.95,0,1.654,214.5,1015.027,0
"2023-03-23 21:00:00",174,10.72,29.56,0,0.003,0,0,0,0.008,0.003,29.08,30.24,27.2,0.719,28.18,28.18,22.39,2.825,5.775,1.35,0.792,327.4,1015.863,0
"2023-03-23 22:00:00",175,10.7,26.83,0,0.029,0,0,0,0.008,0.003,26.03,27.06,25.3,0.384,29.4,30.98,27.42,2.027,3.65,0,0.981,342.9,1016.857,0
"2023-03-23 23:00:00",176,10.65,25.53,0,0.023,0,0,0,0.008,0.004,25.08,26.07,24.44,0.334,32.14,33.04,29.53,1.288,3,0,0.842,299.8,1017.633,0
"2023-03-24 00:00:00",177,10.6,24.63,0,0.021,0,0,0,0.007,0.003,24.76,25.1,23.87,0.303,38.56,38.56,30.92,0.331,1.3,0,0.426,97.3,1018.138,0
"2023-03-24 01:00:00",178,10.57,23.54,0,0.04,0,0,-0.036,-4,-1.715,23.32,24.16,22.37,0.6,44.23,45.21,38.63,1.068,2.1,0,0.738,329,1018.061,0
"2023-03-24 02:00:00",179,10.53,22.85,0,0.039,0,0,-0.1,-4,-1.715,22.5,23.1,21.67,0.439,42.58,46.13,42.58,1.695,2.325,0.35,0.408,0.331,1017.891,0
"2023-03-24 03:00:00",180,10.54,22.25,0,0.011,0,0,-0.1,-4,-1.715,21.89,22.77,21.39,0.341,47.31,47.37,42.64,1.684,2.75,0,0.554,329.8,1017.72,0
"2023-03-24 04:00:00",181,10.49,22.15,0,0.028,0,0,-0.1,-4,-1.715,21.85,22.15,21.33,0.24,51.42,51.42,47.07,1.531,2.425,0,0.521,12.8,1017.519,0
"2023-03-24 05:00:00",182,10.5,22.05,0,0.045,0,0,-0.1,-4,-1.715,21.73,21.99,21.33,0.18,52.53,52.53,49.81,1.749,2.85,0.325,0.423,337.2,1017.58,0
"2023-03-24 06:00:00",183,10.45,21.65,0,0.009,0,0,-0.1,-4,-1.715,21.35,21.48,21.06,0.083,49.83,53.64,49.68,1.403,2.075,0.375,0.33,320,1017.872,0
"2023-03-24 07:00:00",184,10.45,21,6.276,8.84,0,5.297,-0.1,-4,-1.715,20.37,21.15,19.15,0.638,55.93,55.93,48.65,2.27,2.875,1.575,0.336,332.9,1018.136,0
"2023-03-24 08:00:00",185,11.13,21.44,138.3,342.6,14.75,138.3,-0.01,0.608,0.261,21.09,23.22,19.12,1.436,44.29,55.96,44.29,0.823,2.5,0,0.917,184.8,1018.505,0
"2023-03-24 09:00:00",186,13.63,25.14,371,595.6,80.7,375.7,0.031,1.998,0.857,25.45,27.92,23.21,1.041,38.6,45.32,37.96,0.622,2.25,0,0.601,150.6,1019.307,0
"2023-03-24 10:00:00",187,13.53,28.44,612.3,718.6,103.9,622.5,0.081,4.455,1.911,26.71,27.55,25.76,0.442,40.02,42.54,38.15,1.226,3.35,0,0.708,140.5,1019.434,0
"2023-03-24 11:00:00",188,13.43,30.57,813,789.7,116.5,831,0.142,6.927,2.97,27.23,28.05,26.48,0.451,35.95,40.34,35.27,1.824,4.425,0,0.991,106.7,1019.087,0
"2023-03-24 12:00:00",189,13.43,32.22,942,820,124.6,961,0.188,8.14,3.492,27.87,29.03,26.71,0.534,33.73,38.44,33.24,1.751,3.825,0,1,64.55,1018.349,0
"2023-03-24 13:00:00",190,13.35,34.46,996,829,129.1,1013,0.213,8.63,3.699,29.89,31.32,28.68,0.641,30.46,33.91,28.37,1.601,4.7,0,1.072,86.2,1017.159,0
"2023-03-24 14:00:00",191,13.24,36.45,973,825,127.2,987,0.202,7.352,3.153,31.17,32.77,30.16,0.766,26.07,30.33,25.23,1.6,3.825,0,0.882,11.46,1015.796,0
"2023-03-24 15:00:00",192,13.21,38.02,868,783.8,131.5,880,0.155,5.188,2.225,32.52,34.14,30.93,0.794,23.19,27.45,22.84,1.659,4.15,0,0.983,34.61,1014.508,0
"2023-03-24 16:00:00",193,13.17,38.81,700.1,748,114.6,715.3,0.1,2.939,1.26,33.76,34.52,32.79,0.393,22.4,24.19,21.93,2.203,4.85,0,1.071,110.6,1013.344,0
"2023-03-24 17:00:00",194,13.14,38.96,479.2,685.1,90.1,494.3,0.05,1.159,0.497,34.74,35.35,33.99,0.284,20.89,23.08,20.32,2.342,4.975,0.35,0.937,161.3,1012.504,0
"2023-03-24 18:00:00",195,12.93,37.6,237.6,534,61.02,242.1,0.015,0.216,0.092,34.39,35.07,33.7,0.351,21.06,21.47,19.75,2.409,4.425,0.275,0.944,157.6,1012.079,0
"2023-03-24 19:00:00",196,11.16,33.96,38.19,141.3,17.46,37.44,0.002,0.009,0.004,32.61,33.71,31.68,0.626,19.76,21.72,19.57,3.088,5.075,1.2,0.805,211.1,1012.189,0
"2023-03-24 20:00:00",197,10.85,31.47,0,1.518,0,0,0,0.007,0.003,31.01,31.66,30.25,0.406,20.68,20.68,19.39,3.564,6.325,1.55,0.954,206.9,1012.911,0
"2023-03-24 21:00:00",198,10.73,29.61,0,0,0,0,0,0.007,0.003,29.16,30.26,27.07,0.781,25.92,26.52,20.69,2.311,5.425,0.7,1.031,314.8,1013.921,0
"2023-03-24 22:00:00",199,10.68,26.97,0,0.012,0,0,0,0.007,0.003,26.09,27.21,25.37,0.597,28.94,30.29,25.46,2.087,3.05,0.8,0.441,334.4,1014.678,0
"2023-03-24 23:00:00",200,10.65,25.62,0,0.007,0,0,0,0.008,0.004,25.06,26.26,24,0.722,32.44,32.64,28.16,1.92,3.25,0.875,0.485,330,1015.142,0
"2023-03-25 00:00:00",201,10.61,24.2,0,0.013,0,0,0,0.009,0.004,23.59,24.55,23.04,0.419,34.15,35.07,31.81,1.7,2.525,0,0.586,334.1,1015.463,0
"2023-03-25 01:00:00",202,10.57,23.47,0,0.02,0,0,-0.024,-4,-1.715,22.99,23.68,22.14,0.465,36.29,37.03,33.54,1.74,2.75,0,0.715,338.8,1015.55,0
"2023-03-25 02:00:00",203,10.54,22.84,0,0.038,0,0,-0.1,-4,-1.715,22.35,22.84,21.9,0.196,37.48,39.04,35.38,1.694,2.575,0.85,0.398,332.1,1015.257,0
"2023-03-25 03:00:00",204,10.54,22.86,0,0.047,0,0,-0.1,-4,-1.715,22.44,23.02,21.87,0.294,36.44,38.39,34.9,1.829,2.725,0.925,0.422,330.5,1015.088,0
"2023-03-25 04:00:00",205,10.5,22.55,0,0.014,0,0,-0.1,-4,-1.715,22.27,22.87,21.34,0.494,38.9,39.53,35,2.024,2.775,1.325,0.289,344,1014.902,0
"2023-03-25 05:00:00",206,10.49,21.88,0,0.039,0,0,-0.1,-4,-1.715,21.38,21.9,20.7,0.299,41.19,41.19,37.92,2.026,2.575,1.425,0.276,336.9,1015.036,0
"2023-03-25 06:00:00",207,10.46,20.63,0,0.008,0,0,-0.1,-4,-1.715,19.95,20.72,19.43,0.386,43.96,44.05,40.56,2.244,2.775,1.375,0.23,337.8,1015.414,0
"2023-03-25 07:00:00",208,10.45,20.21,6.248,12.92,0,5.768,-0.1,-4,-1.715,19.78,20.22,19.34,0.282,44.85,45.21,43.54,1.674,2.325,1.025,0.304,328.6,1015.716,0
"2023-03-25 08:00:00",209,11.13,21.45,142.3,358.3,15.93,141.7,-0.014,0.617,0.265,21.25,23.09,19.98,0.748,37.94,45.11,37.94,0.943,1.525,0,0.343,333.7,1016.173,0
"2023-03-25 09:00:00",210,13.65,25.45,385.9,635.8,75.06,390.9,0.033,2.178,0.934,25.31,27.19,23.13,1.089,35.05,39.07,32,0.944,2.675,0,0.907,154.7,1016.712,0
"2023-03-25 10:00:00",211,13.52,28.82,619.5,719.2,104.9,629.4,0.083,4.666,2.001,27.17,28.24,26.22,0.551,32.42,35.46,32.37,1.186,2.85,0,0.664,258,1017.128,0
"2023-03-25 11:00:00",212,13.44,31.53,766.4,597.8,195.4,774.9,0.14,6.506,2.79,28.18,30,27.13,0.712,32.5,35.01,30.36,1.194,3.35,0,0.744,193.3,1016.927,0
"2023-03-25 12:00:00",213,13.36,33.64,922,725.2,170.7,937,0.193,8.74,3.746,29.33,30.58,28.3,0.702,30.02,33.34,29.13,1.227,3.875,0,0.919,194.4,1016.307,0
"2023-03-25 13:00:00",214,13.29,35.34,893,586,222.9,900,0.192,8.81,3.777,30.36,31.9,29.14,0.677,25.94,30.86,25.19,1.259,2.65,0,0.726,52.09,1015.287,0
"2023-03-25 14:00:00",215,13.22,37.39,935,655.2,222.5,937,0.188,5.503,2.36,32.15,33.36,30.68,0.673,23.39,26.18,22.92,1.6,3.45,0,0.902,69.51,1014.081,0
"2023-03-25 15:00:00",216,13.16,38.89,779.7,482.9,270,765.7,0.146,5.601,2.402,33.28,35.07,31.6,0.857,22.49,24.6,20.37,1.357,4.625,0,0.948,31.08,1012.787,0
"2023-03-25 16:00:00",217,13.17,39.18,679.6,672.5,140.2,688.3,0.1,2.855,1.224,33.84,35.03,32.42,0.614,20.42,22.84,19.76,1.749,3.7,0.225,0.828,32.27,1011.751,0
"2023-03-25 17:00:00",218,13.15,38.91,456.7,593.4,109.8,464.8,0.046,1.053,0.451,34.69,35.57,33.88,0.465,19.15,20.98,18.85,1.823,4.125,0,0.917,103.2,1011.014,0
"2023-03-25 18:00:00",219,12.92,37.35,215.4,393.6,75.57,215.1,0.013,0.193,0.083,34.34,34.99,33.97,0.212,20.14,20.87,18.74,1.63,3.825,0,0.807,155.5,1010.698,0
"2023-03-25 19:00:00",220,11.13,34.1,32.02,86.5,17,29.97,0.002,0.015,0.006,32.9,34.12,31.79,0.725,23.74,23.87,19.87,1.6,3.3,0.25,0.521,189.9,1010.86,0
"2023-03-25 20:00:00",221,10.72,31.7,0,0.06,0,0,0,0.007,0.003,31.28,32.01,30.23,0.602,19.14,24.02,18.33,3.514,5.6,1.05,0.858,261.2,1011.359,0
"2023-03-25 21:00:00",222,10.7,29.16,0,0,0,0,0,0.001,0,28.61,30.19,26.58,1.283,27.52,28.43,19.18,2.364,4.325,0,0.841,325.5,1012.32,0
"2023-03-25 22:00:00",223,10.66,26.82,0,0.005,0,0,0,0.008,0.004,26.24,27.45,25.47,0.539,29.66,31.37,27.41,1.592,3.025,0,0.835,239.2,1013.357,0
"2023-03-25 23:00:00",224,10.65,25.49,0,0.012,0,0,0,0.008,0.004,25.34,26.23,24.05,0.723,34.15,34.46,27.59,0.944,1.975,0,0.631,339.3,1014.257,0
"2023-03-26 00:00:00",225,10.62,24.49,0,0.035,0,0,0,0.007,0.003,24.13,24.5,23.9,0.177,31.62,36.11,31.12,1.848,2.35,0.825,0.271,325.4,1014.977,0
"2023-03-26 01:00:00",226,10.58,23.57,0,0.009,0,0,-0.042,-4,-1.715,23.3,24.23,22.45,0.469,33.88,36.1,31.56,1.276,2.35,0,0.473,321.6,1015.351,0
"2023-03-26 02:00:00",227,10.53,22.49,0,0.003,0,0,-0.1,-4,-1.715,21.98,22.97,21.18,0.525,39.03,39.33,33.48,1.81,2.6,0.575,0.45,328.3,1015.286,0
"2023-03-26 03:00:00",228,10.53,21.68,0,0.025,0,0,-0.1,-4,-1.715,21.12,22.1,20.6,0.431,45.91,45.91,38.57,2.11,2.725,1.525,0.299,337.2,1015.059,0
"2023-03-26 04:00:00",229,10.49,20.83,0,0.01,0,0,-0.1,-4,-1.715,20.12,20.81,19.61,0.329,48.71,49.41,45.53,2.236,3.05,1.675,0.28,322.8,1015.007,0
"2023-03-26 05:00:00",230,10.46,20.24,0,0.01,0,0,-0.1,-4,-1.715,19.71,20.19,19.41,0.184,47.76,48.26,45.76,1.898,2.575,0.975,0.321,323.9,1015.098,0
"2023-03-26 06:00:00",231,10.41,19.74,0,0.009,0,0,-0.1,-4,-1.715,19.39,19.82,18.87,0.308,48.98,50.01,47.3,1.362,1.95,0,0.526,326.7,1015.528,0
"2023-03-26 07:00:00",232,10.45,19.72,7.417,19.36,0,6.913,-0.1,-4,-1.715,19.44,19.95,18.95,0.238,48.78,49.74,46.48,1.458,2,1.025,0.245,292.6,1016.274,0
"2023-03-26 08:00:00",233,11.16,21,152.6,422.5,18.81,150.2,-0.01,0.661,0.283,21.18,23.46,19.4,1.241,41.67,48.65,39.74,0.363,1.325,0,0.501,80.8,1017.077,0
"2023-03-26 09:00:00",234,13.67,24.83,397.2,671.8,69.51,398.9,0.035,2.253,0.966,25.08,26.03,23.59,0.706,41.46,44.3,38.68,0.78,2.375,0,0.63,123.8,1017.608,0
"2023-03-26 10:00:00",235,13.54,27.84,636.2,773.1,89.2,640.3,0.086,4.699,2.015,25.99,27.04,24.77,0.688,40.73,44.8,38.68,1.299,3.425,0,0.849,162.2,1017.875,0
"2023-03-26 11:00:00",236,13.47,30.55,826,807,109.8,833,0.148,7.062,3.028,27.1,28.18,26.34,0.467,38.48,41.07,36.93,1.565,3.65,0,0.879,202.5,1017.65,0
"2023-03-26 12:00:00",237,13.39,32.65,963,854,111.2,976,0.2,8.63,3.7,28.48,29.38,27.41,0.473,33.48,39.72,33.21,1.91,4.15,0,0.909,120.5,1016.954,0
"2023-03-26 13:00:00",238,13.36,34.26,1011,851,118.7,1026,0.221,8.86,3.797,29.61,30.82,28.82,0.574,29.04,33.34,28.16,1.675,3.7,0,0.829,113.6,1015.825,0
"2023-03-26 14:00:00",239,13.29,36.4,976,829,121.4,991,0.21,7.831,3.358,31.48,32.5,30.35,0.489,25.5,29.25,25.21,2.02,5.35,0.25,1.125,241.4,1014.637,0
"2023-03-26 15:00:00",240,13.2,37.78,893,827,117.7,901,0.17,5.825,2.498,32.46,33.7,31.49,0.583,22.62,26.36,21.76,2.219,4.8,0,1.104,255.9,1013.391,0
"2023-03-26 16:00:00",241,13.16,38.87,715.5,782.7,103.5,724.6,0.107,2.9,1.244,33.93,34.93,32.44,0.674,21.2,22.92,21.07,2.325,5.2,0.225,1.039,45.14,1012.232,0
"2023-03-26 17:00:00",242,13.17,39.01,471.5,656.4,94.3,480.9,0.047,1.045,0.448,34.86,35.52,33.91,0.34,22.59,22.72,21.09,2.448,5.125,0.25,1.103,210.6,1011.593,0
"2023-03-26 18:00:00",243,12.92,37.21,229.1,481.4,65.7,230.1,0.014,0.206,0.088,34.14,34.7,33.49,0.399,21.26,23.22,20.68,3.071,5.25,0.575,0.981,170.4,1011.49,0
"2023-03-26 19:00:00",244,11.17,33.85,37.78,126.7,18.8,36.67,0.002,0.011,0.005,32.68,33.53,31.84,0.507,19.71,21.76,19.42,3.614,5.95,2,0.818,213.8,1011.857,0
"2023-03-26 20:00:00",245,10.86,31.61,0,0.007,0,0,0,0.011,0.005,31.14,31.87,30.38,0.409,18.61,19.87,18.35,3.799,5.75,1.675,0.809,208.3,1012.718,0
"2023-03-26 21:00:00",246,10.71,30.12,0,0.004,0,0,0,0.008,0.004,29.62,30.36,28.84,0.453,20.85,20.85,18.54,3.13,5.525,1.125,0.895,227.6,1013.628,0
"2023-03-26 22:00:00",247,10.7,27.38,0,0,0,0,0,0.006,0.002,26.66,28.84,25.02,0.971,31.05,31.48,20.86,1.474,3.025,0,0.681,351.1,1014.363,0
"2023-03-26 23:00:00",248,10.65,25.51,0,0.015,0,0,0,0.007,0.003,25.2,25.43,24.65,0.167,34.5,34.5,30.96,0.428,1.6,0,0.521,81.8,1015.044,0
"2023-03-27 00:00:00",249,10.62,25.01,0,0.147,0,0,0,0.007,0.003,24.62,25.37,24.23,0.368,31.14,35.64,30.53,1.394,2.475,0,0.644,297.4,1015.33,0
"2023-03-27 01:00:00",250,10.57,24.59,0,0.004,0,0,-0.003,0.006,0.003,24.41,25.35,23.59,0.506,37.62,37.66,31.14,0.686,2,0,0.596,343.2,1015.456,0
"2023-03-27 02:00:00",251,10.54,23.39,0,0.023,0,0,-0.078,-4,-1.715,22.97,23.59,22.35,0.291,39.18,39.27,36.86,1.363,2.125,0,0.464,310.7,1015.682,0
"2023-03-27 03:00:00",252,10.54,22.33,0,0.02,0,0,-0.1,-4,-1.715,21.58,22.46,20.9,0.406,43.07,43.9,39.19,2.274,3.15,1.375,0.358,331,1015.602,0
"2023-03-27 04:00:00",253,10.5,21.61,0,0.005,0,0,-0.1,-4,-1.715,21.01,21.24,20.75,0.148,41.89,43.68,41.57,1.798,2.425,1.15,0.328,325,1015.303,0
"2023-03-27 05:00:00",254,10.46,20.83,0,0.001,0,0,-0.1,-4,-1.715,20.2,21.1,19.54,0.481,47.51,47.64,41.89,2.024,2.45,1.5,0.234,5.934,1015.54,0
"2023-03-27 06:00:00",255,10.46,20.04,0,0.013,0,0,-0.1,-4,-1.715,19.5,19.92,18.98,0.281,50.87,50.87,47.19,1.606,2.55,0,0.499,339.1,1016.082,0
"2023-03-27 07:00:00",256,10.46,19.5,7.382,11.06,0,7.144,-0.1,-4,-1.715,18.76,19.19,18.46,0.186,53.24,53.24,50.52,2.17,2.6,1.7,0.204,344.8,1016.88,0
"2023-03-27 08:00:00",257,11.17,21.25,152.2,381.5,21.53,149.6,-0.006,0.627,0.269,20.84,24.22,18.74,1.535,43.38,53.72,43.38,1.28,2.225,0,0.703,163.3,1017.477,0
"2023-03-27 09:00:00",258,13.64,25.18,396.6,638.7,77.99,396.5,0.032,2.104,0.902,25.03,26,24.08,0.49,39.97,45.29,38.9,1.417,2.85,0,0.687,195.4,1018.124,0
"2023-03-27 10:00:00",259,13.52,28.38,634.9,753.2,96.5,637.5,0.08,4.448,1.907,26.52,28,25.26,0.678,32.59,40.85,32.59,1.304,2.975,0,0.757,94.3,1018.416,0
"2023-03-27 11:00:00",260,13.44,31.11,834,819,106.6,841,0.142,6.78,2.908,27.84,28.5,27.44,0.269,32.6,34.5,31.9,1.512,3.8,0,0.865,142.4,1018.19,0
"2023-03-27 12:00:00",261,13.4,32.93,955,832,121.6,968,0.183,7.866,3.373,28.77,30.07,27.78,0.69,29.55,33.22,29.48,1.657,3.55,0,0.85,127.9,1017.549,0
"2023-03-27 13:00:00",262,13.33,34.88,1009,838,127.4,1022,0.204,8.32,3.568,30.37,32,28.73,0.802,25.98,31.31,24.54,1.913,4.625,0,1.143,150.6,1016.413,0
"2023-03-27 14:00:00",263,13.24,37.02,985,832,128.2,995,0.196,7.016,3.008,31.86,32.93,31.04,0.448,23.09,25.69,22.81,1.598,3.875,0,0.958,115,1015.116,0
"2023-03-27 15:00:00",264,13.21,38.18,876,778.7,137.3,881,0.154,4.939,2.118,32.85,34.19,31.84,0.539,23.26,25.5,22.69,2.347,4.675,0,1.045,174.6,1013.974,0
"2023-03-27 16:00:00",265,13.17,39.27,693,705.2,131.6,700,0.095,2.721,1.167,34.03,35.07,32.85,0.569,20.39,23.68,20.26,1.87,4.325,0,0.983,165.2,1013.047,0
"2023-03-27 17:00:00",266,13.17,38.82,469.1,620.3,105.8,476.9,0.045,1.009,0.433,34.35,35.28,33.55,0.463,21.31,21.57,20.15,2.006,4.975,0,0.977,111.6,1012.46,0
"2023-03-27 18:00:00",267,12.91,37.58,218.6,423.5,70.04,217.7,0.013,0.194,0.083,34.49,34.98,33.98,0.24,22.2,22.49,20.66,1.732,4.425,0.25,0.822,130.9,1012.46,0
"2023-03-27 19:00:00",268,11.13,34.13,31.72,80.3,17.34,29.49,0.002,0.01,0.004,32.9,34.02,31.83,0.692,24.95,24.95,21.82,0.85,3.2,0,0.767,90.5,1012.838,0
"2023-03-27 20:00:00",269,10.72,31.71,0,0.094,0,0,0,0.009,0.004,31.24,31.78,30.66,0.22,22.63,27.29,22.39,1.307,4.1,0,1.047,232.3,1013.505,0
"2023-03-27 21:00:00",270,10.7,29.59,0,0.005,0,0,0,0.009,0.004,29.24,31.01,27.55,1.111,30.91,31.39,22.35,1.001,4.125,0,0.818,21.96,1014.227,0
"2023-03-27 22:00:00",271,10.67,28.24,0,0.075,0,0,0,0.008,0.003,27.93,28.24,27.66,0.146,26.67,31.54,26.06,1.501,3.75,0,0.721,196.5,1015.304,0
"2023-03-27 23:00:00",272,10.65,27.3,0,0.015,0,0,0,0.011,0.005,26.95,27.83,26.09,0.633,34.17,34.25,26.72,0.969,2.625,0,0.727,39.32,1016.266,0
"2023-03-28 00:00:00",273,10.61,25.81,0,0.002,0,0,0,0.007,0.003,25.34,26.09,24.8,0.437,37.68,37.88,34.14,0.708,1.525,0,0.544,343.7,1016.719,0
"2023-03-28 01:00:00",274,10.57,24.34,0,0.006,0,0,-0.002,0.007,0.003,24.09,24.82,23.6,0.344,39.86,39.86,37.54,0.296,1.475,0,0.42,147.3,1016.523,0
"2023-03-28 02:00:00",275,10.54,23.14,0,0.009,0,0,-0.087,-4,-1.715,22.56,23.59,21.6,0.562,42.02,43.32,39.89,1.206,2.825,0,0.853,313.5,1016.663,0
"2023-03-28 03:00:00",276,10.54,22.33,0,0.02,0,0,-0.1,-4,-1.715,21.65,22.62,21.28,0.343,44.14,44.85,41.07,1.77,2.875,0.8,0.343,0.444,1016.554,0
"2023-03-28 04:00:00",277,10.49,21.42,0,0.013,0,0,-0.1,-4,-1.715,21.05,21.68,20.62,0.292,47.55,48.64,44.17,0.755,1.975,0,0.623,308.2,1016.578,0
"2023-03-28 05:00:00",278,10.46,21.27,0,0.043,0,0,-0.1,-4,-1.715,20.98,21.39,20.51,0.275,46.44,49.09,46.26,1.367,2.3,0.25,0.453,316.3,1016.898,0
"2023-03-28 06:00:00",279,10.46,20.48,0,0.005,0,0,-0.1,-4,-1.715,19.9,21.17,19.19,0.612,52.7,52.7,46.66,1.83,3.25,0.5,0.521,24.64,1017.218,0
"2023-03-28 07:00:00",280,10.45,19.75,7.777,10.7,0,7.253,-0.1,-4,-1.715,19.11,19.56,18.77,0.193,52.22,53.64,52.22,1.522,2.075,0,0.506,348.7,1017.93,0
"2023-03-28 08:00:00",281,11.13,21.31,146.9,332.3,16.88,142,-0.019,0.601,0.258,21.48,23.42,19.56,1.248,42.67,52.61,42.32,0.084,1.075,0,0.234,0.159,1018.587,0
"2023-03-28 09:00:00",282,13.64,24.86,393.3,606.8,84.8,391.4,0.032,2.103,0.902,24.61,25.65,23,0.54,38.19,42.71,36.34,1.362,2.725,0,0.803,149.4,1019.167,0
"2023-03-28 10:00:00",283,13.56,28.05,633.9,735.4,103.6,634.1,0.08,4.308,1.847,26.17,26.8,25.09,0.393,35.45,37.91,33.28,1.239,2.525,0,0.682,158.8,1019.433,0
