"TIMESTAMP","RECORD","BattV_Min","PTemp_C","I_glo_Avg","I_dir_Avg","I_dif_Avg","I_glo_inc_Avg","Indice_UV_Avg","Indice_UV_1","Indice_UV_2","AirTC_Avg","AirTC_Max","AirTC_Min","AirTC_Std","RH","RH_Max","RH_Min","WS_ms_Avg","WS_ms_Max","WS_ms_Min","WS_ms_Std","WindDir","Rain_mm_Tot","BP_mbar_Avg"
"2023-03-14 18:10:00",0,12.96,28.33,43.93,0,37.58,40.27,0.003,0.104,0.045,27.24,27.25,27.23,0.008,25.81,25.81,25.73,1.25,2.5,0,1.25,0,0,830.2823
"2023-03-14 18:20:00",1,12.92,28.2,31.29,0,26.62,27.92,0,0.072,0.031,27.2,27.23,27.14,0.026,26.21,26.21,25.87,1.834,2.475,1.45,0.24,0,0,1015.464
"2023-03-14 18:30:00",2,12.91,28.03,18.69,0,15.64,15.5,-0.003,0.043,0.018,27.05,27.15,26.88,0.08,26.96,27.01,25.71,1.994,2.8,1.525,0.366,0,0,1015.497
"2023-03-14 18:40:00",3,12.92,27.8,7.32,0,5.333,4.084,-0.001,0.024,0.01,26.76,26.85,26.67,0.047,27.57,27.57,26.94,1.015,2.275,0,0.841,0,0,1015.621
"2023-03-14 18:50:00",4,12.91,27.49,0.394,0,0.003,0,-0.002,0.012,0.005,26.61,26.65,26.54,0.026,28.06,28.07,27.44,1.917,2.6,0.75,0.529,0,0,1015.861
"2023-03-14 19:00:00",5,12.87,27.22,0,0.015,0,0,-0.001,0.009,0.004,26.48,26.54,26.37,0.048,28.84,28.84,28.16,2.641,3.825,1.825,0.574,0,0,1016.153
"2023-03-14 19:10:00",6,10.89,26.98,0,0,0,0,-0.009,-0.002,-0.001,26.13,26.35,25.92,0.138,30.22,30.25,28.95,3.56,4.425,2.025,0.659,0,0,1016.28
"2023-03-14 19:20:00",7,10.89,26.79,0,0.001,0,0,-0.004,-0.12,-0.051,25.9,25.96,25.79,0.059,30.8,30.84,30.19,2.641,4.125,1.85,0.595,0,0,1016.399
"2023-03-14 19:30:00",8,10.91,26.61,0,0,0,0,-0.002,0.026,0.011,25.55,25.79,24.98,0.279,34.8,34.8,30.8,3.507,5.175,1.975,1.013,0,0,1016.759
"2023-03-14 19:40:00",9,10.91,26.33,0,0,0,0,-0.014,0.003,0.001,24.44,24.93,24.1,0.239,37.79,37.79,34.99,4.499,6.25,2.65,0.969,0,0,1017.011
"2023-03-14 19:50:00",10,10.87,25.95,0,0,0,0,-0.008,0.008,0.004,23.99,24.08,23.91,0.051,37.53,37.87,37.34,4.589,5.625,3,0.687,0,0,1017.293
"2023-03-14 20:00:00",11,10.84,25.57,0,0,0,0,-0.005,0.013,0.006,23.87,23.9,23.83,0.021,36.81,37.45,36.76,4.631,5.8,3.275,0.703,0,0,1017.681
"2023-03-14 20:10:00",12,10.76,25.28,0,0.028,0,0,-0.006,0.008,0.004,23.88,23.9,23.86,0.013,36.54,36.89,36.41,4.684,5.725,3.725,0.609,0,0,1017.996
"2023-03-14 20:20:00",13,10.74,25.11,0,0.141,0,0,-0.007,0.004,0.002,24.08,24.2,23.92,0.094,36.47,36.64,36.29,5.158,6.1,3.775,0.624,0,0,1018.18
"2023-03-14 20:30:00",14,10.72,25.05,0,0.012,0,0,-0.008,-1.422,-0.61,24.09,24.21,23.68,0.138,40.92,40.92,36.36,3.789,5.45,2.2,0.782,0.001,0,1018.342
"2023-03-14 20:40:00",15,10.7,24.88,0,0,0,0,-0.014,0.009,0.004,23.18,23.56,23.04,0.153,43.67,43.67,41.63,3.69,5.45,1.5,1.11,0,0,1018.565
"2023-03-14 20:50:00",16,10.67,24.58,0,0,0,0,-0.005,0.008,0.003,22.71,23.02,22.4,0.199,47.39,47.39,43.94,2.027,3.075,0.275,0.675,0,0,1018.966
"2023-03-14 21:00:00",17,10.67,24.17,0,0,0,0,-0.012,-0.002,-0.001,22.16,22.39,22.01,0.12,48.94,48.98,47.46,1.928,3.125,0.9,0.617,0,0,1019.231
"2023-03-14 21:10:00",18,10.67,23.73,0,0,0,0,-0.009,0.004,0.002,21.91,21.98,21.79,0.053,48.9,49.09,48.77,1.569,2.725,0.225,0.617,0,0,1019.512
"2023-03-14 21:20:00",19,10.68,23.3,0,0,0,0,-0.017,0.009,0.004,21.72,21.8,21.66,0.037,48.64,49.05,48.57,0.656,1.775,0,0.598,0.001,0,1019.668
"2023-03-14 21:30:00",20,10.69,22.89,0,0,0,0,-0.038,0.006,0.003,21.62,21.67,21.54,0.039,49.26,49.39,48.66,0.076,0.825,0,0.201,0,0,1019.749
"2023-03-14 21:40:00",21,10.68,22.52,0,0.01,0,0,-0.092,-4,-1.715,21.62,21.66,21.57,0.023,48.91,49.04,48.63,0.566,1.45,0,0.51,0,0,1019.739
"2023-03-14 21:50:00",22,10.66,22.26,0,0.008,0,0,-0.1,-4,-1.715,21.63,21.66,21.59,0.022,48.56,48.96,48.39,0.748,1.175,0,0.291,0,0,1019.747
"2023-03-14 22:00:00",23,10.64,22.05,0,0.002,0,0,-0.1,-4,-1.715,21.59,21.66,21.52,0.039,49.64,49.64,48.55,0.718,1.45,0.225,0.324,0,0,1019.684
"2023-03-14 22:10:00",24,10.65,21.89,0,0.135,0,0,-0.1,-4,-1.715,21.47,21.62,21.35,0.084,48.95,50.24,48.95,1.731,2.625,1,0.359,0,0,1019.537
"2023-03-14 22:20:00",25,10.65,21.82,0,0.052,0,0,-0.1,-4,-1.715,21.71,21.76,21.62,0.042,48.33,48.95,48.31,1.121,1.7,0.4,0.372,0,0,1019.585
"2023-03-14 22:30:00",26,10.63,21.77,0,0.045,0,0,-0.1,-4,-1.715,21.7,21.76,21.64,0.036,48.63,48.87,48.36,1.311,2.05,0.45,0.369,0,0,1019.595
"2023-03-14 22:40:00",27,10.64,21.75,0,0.019,0,0,-0.1,-4,-1.715,21.65,21.72,21.48,0.075,49.24,49.24,48.56,1.22,2,0.825,0.328,0,0,1019.536
"2023-03-14 22:50:00",28,10.63,21.72,0,0.001,0,0,-0.1,-4,-1.715,21.41,21.49,21.32,0.062,49.79,50.03,49.24,1.655,2.025,1.45,0.143,0.042,0,1019.454
"2023-03-14 23:00:00",29,10.64,21.7,0,0.055,0,0,-0.1,-4,-1.715,21.44,21.55,21.34,0.069,48.77,49.95,48.66,1.59,1.975,0.9,0.314,0,0,1019.399
"2023-03-14 23:10:00",30,10.64,21.73,0,0.113,0,0,-0.1,-4,-1.715,21.57,21.6,21.51,0.022,48.73,48.81,48.49,1.736,2.075,1.25,0.215,0,0,1019.334
"2023-03-14 23:20:00",31,10.63,21.8,0,0.104,0,0,-0.1,-4,-1.715,21.46,21.51,21.39,0.033,48.04,48.98,48.04,2.234,3.15,1.6,0.328,0,0,1019.313
"2023-03-14 23:30:00",32,10.64,21.9,0,0.114,0,0,-0.1,-4,-1.715,21.63,21.66,21.53,0.035,47.29,47.99,47.29,2.331,3.025,1.725,0.337,0,0,1019.323
"2023-03-14 23:40:00",33,10.64,21.99,0,0,0,0,-0.1,-4,-1.715,21.45,21.64,21.38,0.069,47.63,47.97,47.47,1.928,2.95,1.4,0.383,0,0,1019.333
"2023-03-14 23:50:00",34,10.64,22.03,0,0.009,0,0,-0.1,-4,-1.715,21.33,21.49,21.2,0.091,47.35,48.47,47.35,1.988,2.625,1.475,0.338,0,0,1019.274
"2023-03-15 00:00:00",35,10.64,22.06,0,0.021,0,0,-0.1,-4,-1.715,21.46,21.51,21.4,0.028,46.6,47.37,46.58,2.129,2.45,1.825,0.166,0,0,1019.11
"2023-03-15 00:10:00",36,10.62,22.09,0,0.048,0,0,-0.1,-4,-1.715,21.56,21.68,21.5,0.055,45.49,46.71,45.49,2.168,2.55,1.15,0.325,0,0,1019.04
"2023-03-15 00:20:00",37,10.61,22.16,0,0.081,0,0,-0.1,-4,-1.715,21.77,21.83,21.71,0.033,45.08,45.58,44.85,2.463,3.125,1.925,0.353,0,0,1019.038
"2023-03-15 00:30:00",38,10.62,22.24,0,0.02,0,0,-0.1,-4,-1.715,21.76,21.8,21.7,0.029,44.89,45.21,44.69,2.097,3,1.225,0.481,0,0,1019.071
"2023-03-15 00:40:00",39,10.6,22.29,0,0.04,0,0,-0.1,-4,-1.715,21.84,21.94,21.76,0.05,46.15,46.15,44.19,1.301,4,0,1.315,0,0,1019.225
"2023-03-15 00:50:00",40,10.6,22.31,0,0.01,0,0,-0.1,-4,-1.715,21.38,21.75,21.16,0.204,49.58,49.58,46.54,3.556,5.825,2.375,0.891,0,0,1019.395
"2023-03-15 01:00:00",41,10.6,22.27,0,0,0,0,-0.1,-4,-1.715,21.01,21.12,20.93,0.06,50.12,50.12,49.5,2.416,3.95,1.725,0.572,0,0,1019.411
"2023-03-15 01:10:00",42,10.59,22.15,0,0,0,0,-0.1,-4,-1.715,20.81,20.94,20.73,0.062,50.72,50.91,50,2.069,3.975,0.6,1.017,0,0,1019.407
"2023-03-15 01:20:00",43,10.6,22.03,0,0,0,0,-0.1,-4,-1.715,20.69,20.81,20.57,0.075,52.51,52.51,50.71,0.763,1.7,0,0.609,0,0,1019.542
"2023-03-15 01:30:00",44,10.6,21.87,0,0,0,0,-0.1,-4,-1.715,20.36,20.56,20.29,0.079,53.21,53.22,52.57,0.974,2.175,0,0.56,0,0,1019.506
"2023-03-15 01:40:00",45,10.6,21.67,0,0,0,0,-0.1,-4,-1.715,20.26,20.31,20.18,0.037,53.54,53.54,52.72,0.548,1.275,0,0.361,0,0,1019.452
"2023-03-15 01:50:00",46,10.6,21.47,0,0,0,0,-0.1,-4,-1.715,20.16,20.19,20.12,0.019,53.36,53.59,53.22,0.151,0.925,0,0.289,0,0,1019.4
"2023-03-15 02:00:00",47,10.6,21.3,0,0.009,0,0,-0.1,-4,-1.715,20.13,20.17,20.1,0.024,53.6,53.68,53.14,1.225,1.65,0.9,0.252,0,0,1019.337
"2023-03-15 02:10:00",48,10.6,21.19,0,0.002,0,0,-0.1,-4,-1.715,20.13,20.2,20.08,0.033,53.54,53.96,53.43,1.224,1.875,0.425,0.378,0,0,1019.296
"2023-03-15 02:20:00",49,10.59,21.11,0,0.019,0,0,-0.1,-4,-1.715,20.25,20.33,20.21,0.032,53.24,53.55,53.2,0.999,1.3,0.625,0.203,0,0,1019.279
"2023-03-15 02:30:00",50,10.57,21.08,0,0.095,0,0,-0.1,-4,-1.715,20.44,20.52,20.34,0.054,52.93,53.13,52.4,1.458,2.4,0.45,0.457,0,0,1019.242
"2023-03-15 02:40:00",51,10.56,21.07,0,0,0,0,-0.1,-4,-1.715,20.31,20.38,20.26,0.038,53.17,53.4,52.99,1.047,1.65,0,0.405,0,0,1019.156
"2023-03-15 02:50:00",52,10.57,21.04,0,0,0,0,-0.1,-4,-1.715,20.43,20.48,20.39,0.028,52.83,52.94,52.7,0.119,0.975,0,0.261,0,0,1019.1
"2023-03-15 03:00:00",53,10.56,20.97,0,0,0,0,-0.1,-4,-1.715,20.37,20.44,20.26,0.057,53.34,53.6,52.58,0.081,0.65,0,0.197,0,0,1019.086
"2023-03-15 03:10:00",54,10.56,20.88,0,0.01,0,0,-0.1,-4,-1.715,20.36,20.47,20.24,0.074,52.86,53.44,52.82,0.206,0.925,0,0.328,0,0,1019.086
"2023-03-15 03:20:00",55,10.56,20.83,0,0.088,0,0,-0.1,-4,-1.715,20.41,20.49,20.34,0.042,53.13,53.26,52.72,1.371,1.95,0,0.573,0,0,1019.047
"2023-03-15 03:30:00",56,10.56,20.82,0,0.067,0,0,-0.1,-4,-1.715,20.39,20.46,20.28,0.047,52.96,53.36,52.83,1.919,2.375,1.05,0.35,0,0,1018.996
"2023-03-15 03:40:00",57,10.57,20.81,0,0,0,0,-0.1,-4,-1.715,20.2,20.32,20.13,0.055,52.83,53.78,52.83,1.17,1.975,0.275,0.47,0,0,1019.023
"2023-03-15 03:50:00",58,10.56,20.79,0,0.003,0,0,-0.086,0.008,0.003,20.35,20.43,20.22,0.065,54.3,54.3,52.25,0.553,1.5,0,0.607,0,0,1019.032
"2023-03-15 04:00:00",59,10.55,20.75,0,0.001,0,0,-0.029,0.012,0.005,20.13,20.19,20.08,0.041,54.91,55.15,54.21,0.842,1.325,0,0.264,0,0,1018.971
"2023-03-15 04:10:00",60,10.55,20.67,0,0,0,0,-0.02,0.008,0.003,20.01,20.08,19.94,0.05,55.85,55.89,54.93,0.073,0.9,0,0.224,0,0,1018.909
"2023-03-15 04:20:00",61,10.55,20.54,0,0,0,0,-0.009,0.009,0.004,20.02,20.09,19.94,0.058,54.38,55.88,54.01,0.013,0.25,0,0.054,0,0,1018.904
"2023-03-15 04:30:00",62,10.55,20.41,0,0.004,0,0,-0.019,0.008,0.003,20.01,20.14,19.91,0.085,52.31,54.43,52.03,1.158,1.7,0,0.546,0,0,1018.932
"2023-03-15 04:40:00",63,10.53,20.33,0,0.014,0,0,-0.015,-1.419,-0.609,19.87,19.98,19.71,0.094,51.02,51.9,50.92,1.639,2.3,1.15,0.322,0,0,1018.915
"2023-03-15 04:50:00",64,10.52,20.27,0,0.074,0,0,-0.006,0.008,0.003,19.62,19.69,19.57,0.034,50.35,51.09,50.35,2.394,2.7,2.05,0.145,0,0,1018.875
"2023-03-15 05:00:00",65,10.53,20.25,0,0.059,0,0,-0.016,-0.157,-0.068,19.63,19.76,19.44,0.095,51.04,51.05,49.75,2.436,2.825,1.875,0.246,0,0,1018.876
"2023-03-15 05:10:00",66,10.52,20.24,0,0.002,0,0,-0.032,-0.118,-0.051,19.31,19.4,19.24,0.053,51.29,51.57,50.61,2.129,2.625,1.65,0.296,0,0,1018.837
"2023-03-15 05:20:00",67,10.52,20.21,0,0.007,0,0,-0.028,-1.412,-0.606,19.44,19.51,19.32,0.066,50.46,51.2,50.29,1.691,2.375,0.775,0.39,0,0,1018.843
"2023-03-15 05:30:00",68,10.52,20.2,0,0.009,0,0,-0.011,-1.151,-0.494,19.48,19.51,19.4,0.022,50.58,50.9,50.04,1.021,1.6,0.475,0.328,0,0,1018.906
"2023-03-15 05:40:00",69,10.52,20.16,0,0.017,0,0,-0.016,0.009,0.004,19.38,19.51,19.29,0.067,50.17,51.02,49.73,1.245,1.875,0.6,0.321,0,0,1018.937
"2023-03-15 05:50:00",70,10.52,20.14,0,0.029,0,0,-0.015,-1.338,-0.574,19.63,19.76,19.47,0.102,48.6,50.46,48.6,0.576,1.2,0,0.412,0,0,1019.047
"2023-03-15 06:00:00",71,10.52,20.14,0,0.086,0,0,-0.023,-0.076,-0.033,20,20.16,19.78,0.122,47.7,48.31,47.15,0.224,0.825,0,0.245,0,0,1019.099
"2023-03-15 06:10:00",72,10.53,20.16,0,0.001,0,0,-0.008,-0.004,-0.002,19.75,20.08,19.67,0.113,48.88,50.38,48.24,0.705,1.15,0,0.276,0,0,1019.223
"2023-03-15 06:20:00",73,10.52,20.19,0,0.091,0,0,-0.027,0.009,0.004,19.84,19.87,19.79,0.022,48.87,49.17,48.48,1.905,2.55,1.1,0.434,0,0,1019.239
"2023-03-15 06:30:00",74,10.52,20.26,0,0.037,0,0,-0.054,-4,-1.715,19.79,19.89,19.73,0.064,49.8,50.08,48.87,1.515,2.425,0.675,0.521,0,0,1019.282
"2023-03-15 06:40:00",75,10.52,20.3,0,0.017,0,0,-0.03,-0.001,-0.001,19.82,19.85,19.74,0.027,49.44,49.65,49.35,0.683,1.6,0,0.515,0,0,1019.328
"2023-03-15 06:50:00",76,10.52,20.31,0.444,0,0,0.097,-0.031,-1.359,-0.583,19.78,19.85,19.73,0.036,49.98,50.39,49.48,0.014,0.275,0,0.06,0,0,1019.382
"2023-03-15 07:00:00",77,10.52,20.25,4.152,0,0,3.696,-0.012,0.03,0.013,19.7,19.74,19.67,0.021,50.25,50.29,49.82,0,0,0,0,0,0,1019.495
"2023-03-15 07:10:00",78,10.5,20.16,13.64,0,0,12.91,-0.026,-4,-1.715,19.54,19.67,19.38,0.084,51.52,51.92,50.07,0,0,0,0,0,0,1019.58
"2023-03-15 07:20:00",79,10.52,20.06,26.54,0.029,0,25.64,-0.036,-4,-1.715,19.42,19.49,19.36,0.036,51.11,51.96,51.11,0.051,0.625,0,0.158,0,0,1019.643
"2023-03-15 07:30:00",80,10.52,19.98,38.95,0.107,0,37.4,-0.041,-4,-1.715,19.29,19.51,19.17,0.108,51.11,53.99,51.11,0.906,1.1,0.375,0.175,0,0,1019.712
"2023-03-15 07:40:00",81,10.51,19.97,54.23,0.297,0,51.84,-0.029,0.176,0.075,19.51,19.63,19.34,0.098,51.2,52.02,51.03,1.751,2.3,1.025,0.264,0,0,1019.695
"2023-03-15 07:50:00",82,10.46,20.08,73.97,0.376,0,68.65,-0.015,0.23,0.099,19.67,19.71,19.63,0.024,51.33,51.38,51.04,1.299,1.925,0.775,0.35,0,0,1019.782
"2023-03-15 08:00:00",83,10.41,20.25,94.9,0.498,0,86.8,0.001,0.301,0.129,19.86,19.96,19.71,0.077,50.95,51.74,50.39,0.154,1,0,0.286,0,0,1019.908
"2023-03-15 08:10:00",84,10.59,20.45,104,0.582,0,95,-0.006,0.355,0.152,20.16,20.37,19.91,0.139,50.4,51.34,50.03,0.013,0.25,0,0.054,0,0,1020.037
"2023-03-15 08:20:00",85,10.57,20.69,81.1,0.439,0,97.4,-0.005,0.403,0.173,20.59,20.72,20.41,0.09,49.51,50.91,48.83,0.05,0.65,0,0.157,0,0,1020.182
"2023-03-15 08:30:00",86,10.42,20.95,110.1,0.564,0,105.8,0.004,0.492,0.211,20.73,20.83,20.62,0.065,50.39,50.98,50.11,0.27,1.2,0,0.395,0,0,1020.305
"2023-03-15 08:40:00",87,10.6,21.21,121.9,0.421,0,116.5,0.002,-0.922,-0.395,20.95,21.14,20.82,0.092,49.38,50.16,48.93,0.026,0.525,0,0.114,0,0,1020.433
"2023-03-15 08:50:00",88,10.67,21.48,148.4,1.255,0,139.9,0.007,0.773,0.332,21.17,21.26,21.08,0.054,50.82,50.82,49.04,0.117,0.95,0,0.261,0,0,1020.549
"2023-03-15 09:00:00",89,10.77,21.81,202.6,1.765,0,184.5,0.016,-0.019,-0.008,21.47,21.84,21.25,0.167,48.76,50.64,48.76,0.169,1.025,0,0.288,0,0,1020.563
"2023-03-15 09:10:00",90,10.97,22.23,234.9,1.731,84.6,217.8,0.02,1.315,0.564,22.26,22.68,21.88,0.236,46.71,48.39,46.65,0.067,0.375,0,0.138,0,0,1020.622
"2023-03-15 09:20:00",91,11.08,22.77,342.4,27.91,260,327.5,0.032,1.773,0.761,22.45,22.79,22.29,0.145,45.79,48.01,45.21,0.584,1.175,0,0.411,0,0,1020.66
"2023-03-15 09:30:00",92,11.27,23.4,368,44.58,272.5,355.8,0.035,1.844,0.791,23.19,23.4,22.83,0.126,44.28,45.79,43.64,0.782,1.875,0,0.593,0,0,1020.725
"2023-03-15 09:40:00",93,11.27,24.03,355.6,24.87,271,343.8,0.028,2.031,0.871,23.32,23.41,23.23,0.052,45.15,45.39,43.95,1.141,1.975,0,0.494,0,0,1020.776
"2023-03-15 09:50:00",94,13.51,24.59,373.2,19.64,283.8,370.2,0.045,2.169,0.93,23.45,23.53,23.37,0.056,44.9,45.18,43.65,1.618,2.425,0,0.57,0,0,1020.779
"2023-03-15 10:00:00",95,13.44,25.08,411.1,42.53,297.3,410.2,0.057,2.265,0.971,23.65,23.84,23.46,0.109,45.1,45.86,43.43,1.604,2.2,0.375,0.515,0,0,1020.773
"2023-03-15 10:10:00",96,13.39,25.48,356.9,3.978,296.8,350.3,0.06,2.503,1.073,23.52,23.73,23.43,0.098,43.19,45.65,42.91,1.915,2.5,0.725,0.424,0,0,1020.754
"2023-03-15 10:20:00",97,13.37,25.8,404.8,11.54,321,396.2,0.053,3.199,1.372,23.63,24.06,23.4,0.178,42.35,43.58,42.2,1.574,2.725,0,0.813,0,0,1020.745
"2023-03-15 10:30:00",98,13.6,26.21,644,144.6,390.3,648.9,0.088,3.999,1.715,24.51,24.86,24.08,0.24,39.37,42.31,38.98,1.657,2.7,0.375,0.69,0,0,1020.7
"2023-03-15 10:40:00",99,13.58,26.8,803,308.4,412.4,811,0.098,5.611,2.406,24.49,24.77,24.01,0.175,40.66,40.66,39,2.421,3.275,0.8,0.712,0,0,1020.648
"2023-03-15 10:50:00",100,13.55,27.51,969,488.3,418.5,985,0.135,5.109,2.191,24.76,25.29,23.87,0.417,38.21,41.42,36.56,2.211,3.8,0,0.966,0,0,1020.6
"2023-03-15 11:00:00",101,13.51,28.12,687.2,144.1,412.8,693.3,0.12,4.967,2.13,25,25.63,24.61,0.295,36.61,39.38,36.61,2.077,3.575,0,1.058,0,0,1020.589
"2023-03-15 11:10:00",102,13.51,28.59,697.1,205.7,375.1,708.6,0.118,2.399,1.029,25.55,25.93,25.02,0.301,38.55,38.55,35.7,2.585,4.175,1.7,0.703,0,0,1020.56
"2023-03-15 11:20:00",103,13.5,28.78,449.8,19.43,330.4,453,0.091,3.916,1.679,25.22,25.36,25.1,0.057,38.38,38.87,37.99,2.623,4.425,1.475,0.89,0,0,1020.464
"2023-03-15 11:30:00",104,13.42,28.74,396.2,5.498,320.5,390.5,0.095,3.591,1.54,25.31,25.53,25.19,0.108,38.6,38.74,37.87,1.931,3.375,0.75,0.895,0,0,1020.364
"2023-03-15 11:40:00",105,13.31,28.63,336.3,4706,286.5,330.4,0.067,2.81,1.205,25.06,25.19,24.91,0.083,39.37,39.37,38.27,2.045,3.55,0.5,1.007,0,0,1020.26
"2023-03-15 11:50:00",106,13.24,28.47,955,1739,262.9,305.9,0.065,0.49,0.21,24.99,25.17,24.9,0.081,38.26,39.19,38.18,2.09,3.45,0.875,0.815,0,0,1020.134
"2023-03-15 12:00:00",107,13.43,28.36,382.4,5.394,552.6,564.8,0.07,1.114,0.478,25.24,25.38,25.05,0.104,37.98,38.48,37.51,0.659,2.575,0,0.892,0,0,1020.049
"2023-03-15 12:10:00",108,13.5,28.39,440.5,34.63,347.4,424.6,0.098,3.506,1.503,25.58,25.82,25.22,0.175,37.54,38.12,37.04,0.073,1.45,0,0.316,0,0,1019.826
"2023-03-15 12:20:00",109,13.5,28.53,403.7,4.069,342,384.4,0.087,3.465,1.486,25.7,25.77,25.51,0.074,38.91,39.02,36.89,1.578,2.875,0.225,0.772,0,0,1019.616
"2023-03-15 12:30:00",110,13.44,28.65,376.2,0.723,325.3,363.8,0.087,3.654,1.567,25.7,25.87,25.58,0.09,38.47,39.26,37.55,1.799,3.45,0.625,0.635,0,0,1019.413
"2023-03-15 12:40:00",111,13.51,28.71,464.3,21.06,340.3,472.1,0.105,4.962,2.128,25.55,25.87,25.43,0.117,38.8,39.53,38.63,1.777,3.175,0.3,0.794,0,0,1019.257
"2023-03-15 12:50:00",112,13.51,28.87,718.5,139.1,400,744.6,0.142,6.425,2.755,26.3,26.73,25.88,0.296,36.97,38.82,36.76,1.892,2.775,1.15,0.493,0,0,1019.065
"2023-03-15 13:00:00",113,13.46,29.37,992,410.2,416.6,1027,0.178,7.367,3.159,27.02,27.44,26.63,0.223,34.75,36.09,34.7,0.976,3.175,0,0.918,0,0,1018.825
"2023-03-15 13:10:00",114,13.43,30.28,1013,470,407.9,1047,0.185,7.141,3.062,27.54,27.93,27.28,0.176,32.48,35.01,32.48,2.075,3.55,0.3,1.019,0,0,1018.632
"2023-03-15 13:20:00",115,13.42,31.04,841,358.6,371.7,860,0.171,7.589,3.254,27.66,28.32,27.27,0.29,30.22,33.09,30.22,0.351,2.125,0,0.721,0,0,1018.411
"2023-03-15 13:30:00",116,13.39,31.84,992,674.5,279.4,1019,0.188,7.569,3.246,28.98,29.35,28.39,0.255,29.96,30.37,28.91,1.425,3.075,0,1.243,0,0,1018.15
"2023-03-15 13:40:00",117,13.37,32.59,1004,753.1,251.1,1028,0.189,7.464,3.2,29.11,29.71,28.68,0.367,28.69,30.06,27.91,0.726,2.525,0,0.773,0,0,1017.934
