"TIMESTAMP","RECORD","Batt_Volt_Min","I_glo_Avg","I_dir_Avg","I_dif_Avg","I_glo_inc_Avg","Indice_UV_Avg","AirTC_Avg","AirTC_Max","AirTC_Min","AirTC_Std","RH_Avg","RH_Max","RH_Min","RH_Std","WS_ms_Avg","WS_ms_Max","WS_ms_Min","WS_ms_Std","WindDir","CS106_PB_Avg","Rain_mm_Tot"
"2023-01-20 16:40:00",0,12.93,314.7,365.3,157.2,380,4.87,28.49,28.64,28.37,0.058,31.09,31.38,30.49,0.296,2.04,3.2,0,0.57,2.854,14.81997,0
"2023-01-20 16:50:00",1,12.86,265.7,289.1,141.5,317.7,4.757,28.76,29.05,28.47,0.103,30.51,31.21,29.88,0.266,1.721,3.95,0,0.827,2.83,874.4398,0
"2023-01-20 17:00:00",2,12.88,184.2,167.9,114.8,208.4,4.582,28.51,28.78,28.1,0.173,31.07,31.95,30.32,0.403,1.945,3.95,0,1.038,2.83,874.4799,0
"2023-01-20 17:10:00",3,12.58,209,381.1,93.9,267.3,4.458,28.37,28.88,28,0.208,31.34,31.82,30.76,0.215,1.809,4.7,0,0.857,2.806,874.4676,0
"2023-01-20 17:20:00",4,12.51,214.5,486.2,93.4,284.2,4.381,28.88,29.06,28.72,0.057,30.95,31.62,30.12,0.261,2.024,4.7,0,0.936,2.757,874.6439,0
"2023-01-20 17:30:00",5,12.38,162.4,453.3,67.84,224.8,4.275,28.47,28.82,28.1,0.152,31.88,32.33,31.34,0.197,2.557,4.7,0,0.794,2.806,874.6563,0
"2023-01-20 17:40:00",6,12.7,114.7,394.3,47.26,171.1,4.182,27.93,28.34,27.69,0.15,32.74,33.28,31.85,0.32,2.729,4.7,0.95,0.767,2.757,874.6407,0
"2023-01-20 17:50:00",7,12.36,78.14,313.5,36.65,123.3,4.118,27.79,27.96,27.56,0.093,33.09,33.66,32.6,0.209,1.915,3.2,0,0.652,2.782,874.639,0
"2023-01-20 18:00:00",8,12.65,48.41,203,26.62,75.68,4.069,27.56,27.76,27.22,0.125,33.47,34.34,32.81,0.332,1.735,3.2,0.95,0.453,2.758,874.6396,0
"2023-01-20 18:10:00",9,12.61,24.17,95.4,15.55,36.47,4.035,27.04,27.39,26.67,0.179,34.85,35.77,33.8,0.461,1.63,2.45,0.95,0.427,2.733,874.6519,0
"2023-01-20 18:20:00",10,12.57,8.89,0.663,6.453,7.687,4.015,26.44,26.81,26.13,0.155,36.37,37.21,35.47,0.4,1.188,2.45,0,0.514,2.685,874.6414,0
"2023-01-20 18:30:00",11,12.6,0.513,0.006,0.029,0.007,3.996,26.04,26.3,25.8,0.101,37.78,38.71,36.8,0.47,0.339,1.7,0,0.457,2.661,874.6794,0
"2023-01-20 18:40:00",12,12.4,0,0.011,0,0,3.993,25.75,25.93,25.59,0.067,38.49,39.12,38.16,0.166,0.336,1.7,0,0.461,2.613,874.743,0
"2023-01-20 18:50:00",13,12.46,0,0.009,0,0,3.994,25.56,25.76,25.29,0.102,39.25,40.86,38.64,0.491,0.054,0.95,0,0.22,2.54,874.7846,0
"2023-01-20 19:00:00",14,12.58,0,0.005,0,0,3.994,24.9,25.42,24.41,0.249,42.02,43.41,40.72,0.615,0.148,1.7,0,0.366,2.661,874.9721,0
"2023-01-20 19:10:00",15,12.01,0,0.01,0,0,3.994,24.19,24.54,23.75,0.172,43.88,44.81,42.87,0.401,0.929,1.7,0,0.524,2.637,875.1767,0
"2023-01-20 19:20:00",16,12.33,0,0.016,0,0,3.994,23.47,23.92,23.11,0.196,45.15,46.14,43.96,0.503,1.993,2.45,0.95,0.407,2.613,875.274,0
"2023-01-20 19:30:00",17,12.03,0,0.01,0,0,3.994,22.9,23.24,22.6,0.154,46.17,46.85,45.42,0.269,2.78,3.95,1.7,0.665,2.565,875.4068,0
"2023-01-20 19:40:00",18,12.5,0,0.001,0,0,3.994,22.27,22.7,21.95,0.187,47.76,48.66,46.14,0.645,2.578,3.95,1.7,0.555,2.516,875.5576,0
"2023-01-20 19:50:00",19,12.51,0,0.005,0,0,3.994,21.85,22.09,21.58,0.121,48.96,49.58,48.25,0.344,2.37,3.2,0.95,0.436,2.444,875.7214,0
"2023-01-20 20:00:00",20,12.31,0,0.019,0,0,3.994,21.75,21.92,21.58,0.067,48.79,49.48,48.19,0.255,2.511,3.95,0.95,0.477,2.395,875.8949,0
"2023-01-20 20:10:00",21,11.97,0,0.024,0,0,3.994,21.86,21.99,21.71,0.042,48.44,48.7,48.12,0.107,2.816,4.7,0.95,0.563,2.419,876.0096,0
"2023-01-20 20:20:00",22,11.52,0,0.016,0,0,3.994,21.71,21.95,21.54,0.077,48.9,49.34,48.42,0.202,2.733,3.95,1.7,0.5,2.395,876.1567,0
"2023-01-20 20:30:00",23,11.2,0,0.011,0,0,3.994,21.56,21.78,21.34,0.076,49.3,49.82,48.8,0.226,2.248,3.95,0.95,0.617,2.323,876.222,0
"2023-01-20 20:40:00",24,10.54,0,0.006,0,0,3.994,21.33,21.48,21.17,0.068,49.94,50.33,49.58,0.138,1.643,2.45,0.95,0.388,2.299,876.2958,0
"2023-01-20 20:50:00",25,10.58,0,0.004,0,0,3.994,21.1,21.37,20.86,0.121,50.51,51.15,49.79,0.344,1.461,2.45,0,0.423,2.226,876.4348,0
"2023-01-20 21:00:00",26,10.61,0,0.008,0,0,3.994,20.92,21.1,20.66,0.094,50.82,51.52,50.33,0.295,1.228,2.45,0,0.422,2.274,876.5165,0
"2023-01-20 21:10:00",27,10.61,0,0.005,0,0,3.994,20.53,20.83,20.21,0.134,52.12,53.02,51.32,0.516,1.322,2.45,0,0.51,2.032,876.5656,0
"2023-01-20 21:20:00",28,10.58,0,0.016,0,0,3.994,20.27,20.42,20.11,0.059,52.9,53.33,52.58,0.169,1.395,2.45,0,0.594,2.008,876.6967,0
"2023-01-20 21:30:00",29,10.58,0,0.163,0,0,3.994,20.44,20.73,20.21,0.109,52.47,53.37,51.59,0.377,2.553,3.2,0.95,0.434,2.178,876.8519,0
"2023-01-20 21:40:00",30,10.59,0,0.009,0,0,3.994,20.16,20.39,19.84,0.142,53.44,54.63,52.62,0.614,1.795,3.2,0,0.682,2.153,876.8681,0
"2023-01-20 21:50:00",31,10.58,0,0.009,0,0,3.994,19.94,20.15,19.74,0.103,54,54.76,53.33,0.366,1.705,3.2,0.95,0.354,1.96,876.9009,0
"2023-01-20 22:00:00",32,10.57,0,0.012,0,0,3.994,20.02,20.18,19.91,0.054,53.87,54.69,53.26,0.279,1.19,2.45,0,0.535,2.129,877.0401,0
"2023-01-20 22:10:00",33,10.56,0,0.034,0,0,3.994,20.2,20.35,19.91,0.073,52.98,53.74,52.51,0.272,1.516,2.45,0.95,0.374,2.081,877.1464,0
"2023-01-20 22:20:00",34,10.54,0,0.009,0,0,3.994,19.93,20.15,19.77,0.057,53.99,54.52,53.47,0.205,1.31,2.45,0,0.611,2.081,877.1871,0
"2023-01-20 22:30:00",35,10.52,0,0.018,0,0,3.994,19.81,19.94,19.64,0.054,54.57,55.1,53.84,0.223,1.37,2.45,0,0.501,2.057,877.1953,0
"2023-01-20 22:40:00",36,10.49,0,0.178,0,0,3.994,20.06,20.25,19.7,0.101,53.28,54.76,52.72,0.388,1.776,3.2,0,0.596,2.057,877.269,0
"2023-01-20 22:50:00",37,10.44,0,0.001,0,0,3.994,19.85,20.11,19.64,0.113,54.23,54.86,53.43,0.318,0.244,1.7,0,0.447,2.008,877.3426,0
"2023-01-20 23:00:00",38,10.39,0,0.011,0,0,3.994,20.06,20.25,19.77,0.095,53.36,54.01,53.02,0.187,0.452,1.7,0,0.539,2.008,877.3834,0
"2023-01-20 23:10:00",39,10.37,0,0.156,0,0,3.994,19.97,20.21,19.53,0.164,54.02,55.61,53.13,0.682,1.662,2.45,0,0.464,1.863,877.416,0
"2023-01-20 23:20:00",40,10.36,0,0.003,0,0,3.994,19.11,19.64,18.75,0.243,57.31,58.1,55.31,0.768,1.739,2.45,0,0.536,2.008,877.3098,0
"2023-01-20 23:30:00",41,10.34,0,0.006,0,0,3.994,19.09,19.46,18.78,0.15,56.99,58.07,55.99,0.575,0.996,2.45,0,0.709,1.936,877.3262,0
"2023-01-20 23:40:00",42,10.22,0,0.07,0,0,3.994,19.42,19.57,19.29,0.05,56.3,56.64,55.99,0.134,0.678,2.45,0,0.672,1.911,877.4409,0
"2023-01-20 23:50:00",43,10.28,0,0.134,0,0,3.994,19.62,19.98,19.26,0.189,55.38,56.84,53.74,0.898,0.931,1.7,0,0.546,1.79,877.5224,0
"2023-01-21 00:00:00",44,10.33,0,0.022,0,0,3.994,19.26,19.64,18.95,0.186,56.93,57.9,55.31,0.647,1.259,2.45,0,0.561,1.79,877.506,0
"2023-01-21 00:10:00",45,10.31,0,0.01,0,0,3.994,18.84,19.19,18.54,0.178,58.35,59.57,57.22,0.69,1.985,2.45,0.95,0.382,1.936,877.416,0
"2023-01-21 00:20:00",46,10.31,0,0.041,0,0,3.994,18.78,18.95,18.58,0.065,58.27,58.95,57.69,0.308,2.211,3.2,1.7,0.385,1.96,877.4896,0
"2023-01-21 00:30:00",47,10.3,0,0.022,0,0,3.994,18.44,18.72,18.17,0.11,59.64,60.59,58.72,0.454,2.39,3.2,1.7,0.362,1.96,877.3915,0
"2023-01-21 00:40:00",48,10.3,0,0.104,0,0,3.994,18.7,18.89,18.48,0.082,58.87,59.81,58.34,0.394,2.264,3.2,0.95,0.424,1.911,877.3669,0
"2023-01-21 00:50:00",49,10.29,0,0.107,0,0,3.994,18.76,19.09,18.51,0.134,58.96,59.98,57.9,0.555,2.409,3.2,1.7,0.308,1.911,877.3015,0
"2023-01-21 01:00:00",50,10.28,0,0.03,0,0,3.994,18.51,18.85,18.2,0.135,60.1,61.17,59.16,0.556,2.334,3.2,1.7,0.301,1.936,877.2115,0
"2023-01-21 01:10:00",51,10.28,0,0.068,0,0,3.994,18.77,19.06,18.44,0.155,59.29,60.39,58.31,0.536,2.135,3.2,1.7,0.375,1.887,877.1953,0
"2023-01-21 01:20:00",52,10.27,0,0.009,0,0,3.994,18.45,18.78,18.07,0.18,60.66,61.92,59.6,0.651,2.42,3.2,1.7,0.317,1.911,877.1953,0
"2023-01-21 01:30:00",53,10.26,0,0.001,0,0,3.994,18.07,18.2,17.93,0.046,62.3,62.67,61.75,0.164,2.451,3.95,1.7,0.461,1.936,877.1953,0
"2023-01-21 01:40:00",54,10.24,0,0.009,0,0,3.994,17.95,18.17,17.76,0.077,62.84,63.28,62.26,0.234,2.724,3.95,1.7,0.389,1.863,877.1871,0
"2023-01-21 01:50:00",55,10.23,0,0.007,0,0,3.994,17.9,18.24,17.52,0.154,63.25,64.41,62.12,0.622,2.23,3.2,0.95,0.375,1.936,877.1543,0
"2023-01-21 02:00:00",56,10.23,0,0.041,0,0,3.994,17.53,17.9,17.28,0.14,64.67,65.43,63.45,0.513,2.194,3.2,1.7,0.366,1.863,877.0396,0
"2023-01-21 02:10:00",57,10.23,0,0.011,0,0,3.994,17.7,17.93,17.56,0.071,64.15,64.51,63.55,0.265,2.344,3.2,1.7,0.361,1.887,876.9171,0
"2023-01-21 02:20:00",58,10.23,0,0.005,0,0,3.994,17.48,17.73,17.32,0.104,65.09,65.6,64.34,0.376,2.239,2.45,1.7,0.337,1.863,876.8681,0
"2023-01-21 02:30:00",59,10.22,0,0.015,0,0,3.994,17.45,17.59,17.28,0.05,65.22,65.53,64.88,0.124,2.363,3.2,0.95,0.385,1.839,876.8598,0
"2023-01-21 02:40:00",60,10.21,0,0.01,0,0,3.994,17.26,17.45,17.08,0.084,65.83,66.25,65.29,0.238,2.604,3.2,1.7,0.335,1.839,876.7159,0
"2023-01-21 02:50:00",61,10.22,0,0.012,0,0,3.994,17.27,17.46,17.12,0.07,65.46,65.87,64.85,0.237,2.455,3.2,1.7,0.321,1.815,876.6688,0
"2023-01-21 03:00:00",62,10.21,0,0.072,0,0,3.994,17.37,17.63,17.05,0.126,64.47,65.57,63.59,0.524,2.611,3.2,1.7,0.332,1.766,876.685,0
"2023-01-21 03:10:00",63,10.2,0,0.012,0,0,3.994,17.2,17.32,17.08,0.046,65.1,65.4,64.61,0.137,2.578,3.2,1.7,0.331,1.815,876.7108,0
"2023-01-21 03:20:00",64,10.19,0,0.001,0,0,3.994,16.97,17.29,16.6,0.185,66.83,68.67,65.02,1.05,2.638,3.2,1.7,0.416,1.79,876.6049,0
"2023-01-21 03:30:00",65,10.17,0,0.031,0,0,3.994,16.69,16.98,16.47,0.089,68.82,69.21,68.29,0.174,2.946,3.95,1.7,0.469,1.815,876.5712,0
"2023-01-21 03:40:00",66,10.16,0,0.165,0,0,3.994,17.08,17.32,16.84,0.109,67.81,68.47,67.17,0.355,2.734,3.2,1.7,0.384,1.766,876.5522,0
"2023-01-21 03:50:00",67,10.15,0,0.001,0,0,3.994,16.74,16.95,16.61,0.066,69.24,69.56,68.47,0.247,2.423,3.2,1.7,0.403,1.791,876.5691,0
"2023-01-21 04:00:00",68,10.14,0,0,0,0,3.994,16.6,16.81,16.37,0.096,69.81,70.58,69.29,0.353,1.784,2.45,0,0.452,1.766,876.5809,0
"2023-01-21 04:10:00",69,10.12,0,0,0,0,3.994,16.28,16.51,16.1,0.075,71.09,71.57,70.45,0.275,1.323,2.45,0,0.509,1.621,876.5521,0
"2023-01-21 04:20:00",70,10.12,0,0.008,0,0,3.994,16.16,16.3,16,0.056,71.71,72.36,71.37,0.204,1.438,2.45,0,0.579,1.597,876.5861,0
"2023-01-21 04:30:00",71,10.11,0,0,0,0,3.994,15.69,16.13,15.45,0.136,73.62,74.61,72.19,0.571,1.597,2.45,0,0.422,1.742,876.5784,0
"2023-01-21 04:40:00",72,10.1,0,0.013,0,0,3.995,15.64,15.79,15.39,0.083,74.17,74.85,73.72,0.282,1.993,2.45,0.95,0.371,1.718,876.603,0
"2023-01-21 04:50:00",73,10.09,0,0.121,0,0,3.995,15.68,15.93,15.35,0.146,74,74.91,73.24,0.513,2.053,3.2,0.95,0.379,1.573,876.6543,0
"2023-01-21 05:00:00",74,10.08,0,0.126,0,0,3.995,15.87,16,15.76,0.044,73.3,73.48,73.07,0.077,2.313,3.2,0.95,0.394,1.694,876.7687,0
"2023-01-21 05:10:00",75,10.07,0,0.027,0,0,3.995,15.91,16.07,15.73,0.058,73.2,73.59,72.8,0.16,2.206,3.2,0.95,0.392,1.718,876.8672,0
"2023-01-21 05:20:00",76,10.06,0,0.044,0,0,3.995,15.92,16.07,15.73,0.054,73.28,73.59,72.9,0.147,2.661,3.95,1.7,0.47,1.718,876.9323,0
"2023-01-21 05:30:00",77,10.06,0,0.11,0,0,3.995,15.95,16.24,15.76,0.101,73.2,73.76,72.32,0.366,2.689,3.95,0.95,0.427,1.694,876.9323,0
"2023-01-21 05:40:00",78,10.04,0,0.104,0,0,3.995,16.15,16.34,16,0.076,72.47,72.97,71.88,0.283,2.55,3.2,1.7,0.317,1.694,877.0799,0
"2023-01-21 05:50:00",79,10.04,0,0,0,0,3.995,15.9,16.17,15.69,0.098,73.57,74.16,72.63,0.391,2.044,3.2,0.95,0.471,1.694,877.1598,0
"2023-01-21 06:00:00",80,10.04,0,0.001,0,0,3.995,15.66,15.86,15.45,0.09,74.54,75.26,73.99,0.345,1.118,2.45,0,0.66,1.67,877.2829,0
"2023-01-21 06:10:00",81,10.02,0,0,0,0,3.995,15.39,15.62,15.01,0.158,75.76,77.03,75.02,0.605,1.461,2.45,0,0.466,1.67,877.4888,0
"2023-01-21 06:20:00",82,10.01,0,0.026,0,0,3.995,15.21,15.45,15.01,0.079,76.71,77.16,76.07,0.221,1.713,2.45,0,0.45,1.67,877.5868,0
"2023-01-21 06:30:00",83,10.02,0,0.065,0,0,3.995,15.41,15.62,15.15,0.105,75.97,76.93,75.32,0.4,1.684,2.45,0,0.522,1.646,877.5869,0
"2023-01-21 06:40:00",84,10.01,0,0.02,0,0,3.995,15.21,15.35,15.01,0.069,76.83,77.44,76.48,0.195,2.118,3.2,0.95,0.496,1.67,877.7341,0
"2023-01-21 06:50:00",85,9.99,0,0,0,0,3.995,14.88,15.15,14.67,0.092,78.22,78.8,77.37,0.38,1.885,2.45,0.95,0.379,1.67,877.8406,0
"2023-01-21 07:00:00",86,9.99,0,0.161,0,0,3.995,14.97,15.18,14.67,0.108,77.98,78.83,77.3,0.431,2.404,3.2,1.7,0.322,1.646,877.9139,0
"2023-01-21 07:10:00",87,10,0.354,0.084,0.223,0.087,3.995,15.07,15.21,14.94,0.045,77.52,77.81,77.27,0.113,2.498,3.2,1.7,0.329,1.67,877.9223,0
"2023-01-21 07:20:00",88,9.99,5.238,0.189,3.981,4.533,4,15.07,15.18,14.94,0.045,77.48,77.81,77.16,0.111,2.521,3.2,1.7,0.367,1.621,878.0531,0
"2023-01-21 07:30:00",89,10,17.03,17.89,13.54,20.05,4.021,15.14,15.35,14.94,0.084,77.25,77.85,76.69,0.322,2.181,3.2,1.7,0.362,1.646,878.1433,0
"2023-01-21 07:40:00",90,10.01,38.43,77.71,26.05,50.99,4.049,15.27,15.45,15.11,0.044,76.73,76.99,76.52,0.082,1.999,2.45,1.7,0.367,1.621,878.2411,0
"2023-01-21 07:50:00",91,10.1,68.32,177,40.09,96.2,4.089,15.45,15.66,15.18,0.107,76.08,76.89,75.46,0.408,2.188,3.2,1.7,0.366,1.67,878.2986,0
"2023-01-21 08:00:00",92,10.29,109,277.3,56.38,151.4,4.147,15.71,15.96,15.52,0.079,75.07,75.6,74.47,0.231,2.23,3.2,0.95,0.373,1.646,878.495,0
"2023-01-21 08:10:00",93,10.56,145.7,381.9,63.07,205.7,4.202,16.17,16.58,15.79,0.196,73.52,74.68,72.36,0.688,1.859,3.2,0.95,0.448,1.694,878.5768,0
"2023-01-21 08:20:00",94,10.79,170.5,411.2,65.96,238.8,4.302,16.94,17.4,16.44,0.227,71.17,72.46,69.94,0.663,1.47,2.45,0,0.429,1.742,878.7649,0
"2023-01-21 08:30:00",95,10.85,188,389.9,71.15,257.3,4.401,17.58,17.9,17.26,0.164,69.46,70.21,68.84,0.376,1.25,1.7,0,0.392,1.791,878.8915,0
"2023-01-21 08:40:00",96,10.81,199.5,344.4,77.06,264.8,4.513,18.08,18.41,17.8,0.147,68.35,69.12,66.93,0.569,0.375,1.7,0,0.485,1.839,878.9963,0
"2023-01-21 08:50:00",97,10.78,250.9,413.7,92.3,328.7,4.676,18.71,19.23,18.24,0.235,65.93,67.44,63.15,0.954,0.036,0.95,0,0.182,1.887,879.0074,0
"2023-01-21 09:00:00",98,10.91,263.8,386.2,98.6,337.5,4.827,19.73,20.18,19.12,0.242,60.88,63.28,57.01,1.624,0.01,0.95,0,0.095,1.96,879.1101,0
"2023-01-21 09:10:00",99,10.94,308.7,431.7,107.4,392.9,4.999,20.31,20.76,20.04,0.182,56.84,58.72,55.75,0.828,0.226,0.95,0,0.405,2.032,879.1584,0
"2023-01-21 09:20:00",100,10.99,330.6,440.5,111.1,419.2,5.179,21.57,22.4,20.59,0.546,55.23,56.81,53.33,0.978,0.033,0.95,0,0.175,1.96,879.1584,0
"2023-01-21 09:30:00",101,13.22,368.6,479,116.1,464,5.409,22.05,22.36,21.78,0.134,54.78,55.38,53.98,0.357,0.45,1.7,0,0.503,2.032,879.1574,0
"2023-01-21 09:40:00",102,13.11,469.4,654,120.5,592.7,5.751,22.5,22.87,21.82,0.285,53.54,55.44,52.27,0.932,0.617,2.45,0,0.591,2.153,879.1806,0
"2023-01-21 09:50:00",103,13.07,499.1,697.2,113.8,627.9,6.028,23.04,23.28,22.77,0.096,52.71,53.46,51.9,0.337,0.987,3.2,0,0.813,2.226,879.1414,0
"2023-01-21 10:00:00",104,13.09,542.7,747.4,111,679.3,6.346,22.78,23.21,22.43,0.148,53.41,54.38,52.48,0.393,1.605,3.95,0,0.672,2.298,879.0849,0
"2023-01-21 10:10:00",105,13.06,566.5,757.7,110.2,707,6.656,23.02,23.55,22.29,0.4,52.89,54.96,51.15,1.119,1.538,3.2,0,0.775,2.323,879.0299,0
"2023-01-21 10:20:00",106,13.05,577.8,739.5,110.6,715.3,6.931,23.2,23.62,22.8,0.242,52.19,53.5,50.77,0.769,0.954,3.2,0,0.931,2.371,878.9051,0
"2023-01-21 10:30:00",107,13.07,599.1,727.4,118.1,737.3,7.215,23.75,24.2,22.97,0.339,50.66,52.85,49.44,0.875,1.182,3.2,0,0.828,2.516,878.9086,0
"2023-01-21 10:40:00",108,12.95,567.9,641.1,118.3,694.9,7.322,23.39,23.95,22.86,0.329,51.74,53.36,50.12,0.874,1.3,4.7,0,1.053,2.492,878.8461,0
"2023-01-21 10:50:00",109,13.03,647.8,745.5,119.2,790.5,7.767,23.62,24.26,23.33,0.207,51.33,52.5,49.61,0.73,1.749,3.95,0,1.002,2.588,878.8255,0
"2023-01-21 11:00:00",110,13.04,698.9,820,113.6,850,8.18,24.19,24.73,23.61,0.304,49.59,51.68,48,0.986,1.389,3.95,0,1.087,2.588,878.7697,0
"2023-01-21 11:10:00",111,13.03,697.4,797.1,112.9,844,8.39,24.28,24.59,23.98,0.14,48.76,49.57,47.87,0.404,0.779,3.2,0,0.814,2.637,878.7083,0
"2023-01-21 11:20:00",112,13.03,716.1,789.9,120.1,864,8.63,24.67,24.9,24.46,0.104,48.14,49.13,47.42,0.328,1.332,3.2,0,0.832,2.685,878.5622,0
"2023-01-21 11:30:00",113,13,759.1,804,138.6,913,8.95,24.37,25,23.94,0.272,48.69,49.6,47.32,0.604,1.339,3.95,0,0.766,2.661,878.4127,0
"2023-01-21 11:40:00",114,12.99,702.1,687.1,148.2,842,8.83,25.44,25.85,24.73,0.257,46.18,48.24,45.34,0.61,1.433,3.95,0,1.144,2.757,878.3016,0
"2023-01-21 11:50:00",115,12.99,736.3,708.5,152.8,879,9.06,24.67,25.31,24.35,0.211,47.85,49.46,46.64,0.676,1.22,3.95,0,1.075,2.878,878.1358,0
"2023-01-21 12:00:00",116,13,744.5,722.8,147,885,9.27,24.1,24.59,23.6,0.278,49.15,50.28,47.66,0.761,1.107,4.7,0,1.18,2.806,877.9027,0
"2023-01-21 12:10:00",117,13.01,803,836,126.6,957,9.71,25.07,26.05,24.52,0.412,46.76,47.97,44.08,0.99,1.075,3.2,0,0.874,2.806,877.7094,0
"2023-01-21 12:20:00",118,13,814,832,129.2,968,9.89,25.75,26.09,25.41,0.169,44.41,45.34,43.67,0.388,2.181,4.7,0,1.242,2.83,877.4798,0
"2023-01-21 12:30:00",119,13,781.9,785.2,130,928,9.77,25.69,26.02,25.41,0.148,44.23,45.14,43.06,0.512,1.22,3.2,0,0.851,2.806,877.2568,0
"2023-01-21 12:40:00",120,12.99,817,842,123.9,970,9.9,25.6,26.09,24.76,0.286,44.07,46.02,42.75,0.739,1.528,3.95,0,0.678,2.757,876.9807,0
"2023-01-21 12:50:00",121,12.99,822,848,123.9,976,9.89,25.21,26.09,24.59,0.471,45.53,46.87,43.33,1.067,1.784,4.7,0,1.048,2.878,876.6925,0
"2023-01-21 13:00:00",122,12.98,828,857,124.6,981,9.85,25.71,26.19,25.17,0.281,44.07,45.38,42.86,0.509,2.28,5.45,0,1.403,2.878,876.4654,0
"2023-01-21 13:10:00",123,12.98,819,850,125.2,971,9.71,26.52,27.01,26.02,0.291,41.95,43.47,40.44,0.833,2.115,5.45,0,0.797,2.83,876.2228,0
"2023-01-21 13:20:00",124,12.97,814,844,128.1,966,9.56,26.32,26.7,25.95,0.203,42.32,43.57,41.02,0.512,1.838,5.45,0,1.218,2.927,876.0001,0
"2023-01-21 13:30:00",125,12.98,813,843,131.3,964,9.41,26.05,26.57,25.61,0.269,42.96,44.12,41.8,0.532,2.471,6.2,0,1.122,2.902,875.7866,0
"2023-01-21 13:40:00",126,12.97,812,850,131.9,964,9.34,26.67,27.25,25.75,0.413,41.4,43.43,39.69,0.927,1.929,5.45,0,1.235,2.854,875.5132,0
"2023-01-21 13:50:00",127,12.98,781.6,828,126.1,928,9.15,27.1,27.49,26.7,0.184,39.51,40.61,37.81,0.594,3.109,7.7,0,1.449,2.878,875.184,0
"2023-01-21 14:00:00",128,12.99,776,846,120.2,925,9.22,27.46,27.89,27.04,0.24,38.14,39.04,37.03,0.474,1.829,4.7,0,0.996,2.878,874.9533,0
"2023-01-21 14:10:00",129,12.98,775.9,868,114.2,927,9.27,27.53,27.86,27.04,0.206,37.75,38.63,36.18,0.61,3.375,6.95,0,1.348,2.878,874.7392,0
"2023-01-21 14:20:00",130,12.94,651.5,707.6,111.8,783.1,8.68,27.3,27.72,26.91,0.215,38,38.94,36.48,0.574,2.627,6.2,0,1.012,2.878,874.5839,0
"2023-01-21 14:30:00",131,12.97,740.5,862,110.1,893,8.79,28.01,28.37,27.52,0.221,36.31,37.44,35.02,0.563,2.607,6.2,0,1.501,2.951,874.3743,0
"2023-01-21 14:40:00",132,12.95,688,818,102.2,831,8.41,28.45,28.81,28,0.188,34.7,35.97,32.84,0.739,2.518,6.2,0,1.442,2.951,874.2476,0
"2023-01-21 14:50:00",133,12.95,694.1,859,100.1,843,8.24,27.81,28.34,27.18,0.354,34.36,35.84,32.98,0.714,3.306,8.45,0.95,1.399,2.951,874.1235,0
"2023-01-21 15:00:00",134,12.95,666.5,850,97.1,815,7.927,27.58,28.37,26.8,0.454,34.57,36.01,33.45,0.757,2.586,6.95,0,1.592,2.854,874.0173,0
"2023-01-21 15:10:00",135,12.98,639.3,843,95.8,787.7,7.606,28.74,29.05,28.23,0.189,32.65,33.79,31.78,0.315,2.76,6.2,0,1.278,3.023,873.9026,0
"2023-01-21 15:20:00",136,12.97,608.6,821,96,753,7.241,27.68,28.44,27.11,0.286,34.41,35.46,33.28,0.529,3.381,6.95,0.95,1.167,2.951,873.7476,0
"2023-01-21 15:30:00",137,12.97,575.2,807,94.2,717.1,6.905,28.35,28.95,27.31,0.368,33.5,34.99,32.33,0.6,1.806,3.95,0,0.833,2.927,873.6332,0
"2023-01-21 15:40:00",138,12.94,542.2,796.2,90.4,679.8,6.597,29.06,29.49,28.54,0.254,32.43,33.21,31.61,0.411,1.697,6.2,0,1.241,2.975,873.5349,0
"2023-01-21 15:50:00",139,12.95,507.3,769.3,89.6,640.3,6.253,28.99,29.32,28.68,0.148,32.85,33.45,31.82,0.338,2.65,6.2,0,1.343,2.927,873.4451,0
"2023-01-21 16:00:00",140,12.95,470.2,739,88.8,597.2,5.951,28.42,29.02,28.03,0.261,34.03,35.53,33.25,0.423,4.154,6.95,0.95,1.381,2.999,873.3842,0
"2023-01-21 16:10:00",141,12.94,442.3,729.7,88,567.2,5.705,28.32,28.75,28.03,0.174,34.1,35.16,32.74,0.558,3.928,7.7,0,1.29,2.951,873.3599,0
"2023-01-21 16:20:00",142,12.94,404.1,707.9,84.4,522.9,5.452,28.98,29.36,28.44,0.237,33.04,33.79,31.89,0.408,2.046,4.7,0,0.98,2.927,873.309,0
"2023-01-21 16:30:00",143,12.94,371.2,692.3,80.5,485.1,5.232,29.1,29.46,28.78,0.136,32.88,33.96,31.65,0.502,2.403,5.45,0,1.298,2.902,873.308,0
"2023-01-21 16:40:00",144,12.93,333.9,660.6,76.71,441.3,5.017,28.43,29.12,27.55,0.489,33.59,35.05,32.57,0.634,3.735,6.95,0.95,1.04,2.927,873.2736,0
"2023-01-21 16:50:00",145,12.94,294.5,635.2,70.8,396.4,4.826,28.23,29.29,27.62,0.531,33.52,34.54,31.68,0.814,1.633,3.95,0,0.902,2.975,873.2516,0
"2023-01-21 17:00:00",146,12.95,254.5,595.8,66.29,348.8,4.648,29.1,29.39,28.47,0.202,32.29,33.9,31.51,0.486,1.973,4.7,0,1.042,2.854,873.1438,0
"2023-01-21 17:10:00",147,12.85,219,555.3,62.38,305.9,4.493,28.39,28.64,28.1,0.109,33.68,34.31,33.25,0.239,2.617,5.45,0,0.93,2.854,873.1489,0
"2023-01-21 17:20:00",148,12.8,182.3,509.6,56.66,260.7,4.368,28.51,28.95,27.96,0.273,33.27,34,32.6,0.299,2.67,6.2,0,1.361,2.902,873.1246,0
"2023-01-21 17:30:00",149,12.76,145.9,450.5,50.65,214.3,4.268,27.93,28.24,27.59,0.16,33.7,34.24,33.11,0.227,3.628,6.2,0.95,0.811,2.806,873.0992,0
"2023-01-21 17:40:00",150,12.72,103.4,371.7,42.66,163.2,4.186,27.91,28.24,27.62,0.168,33.64,34.17,32.98,0.272,2.331,4.7,0,0.932,2.854,873.0364,0
"2023-01-21 17:50:00",151,12.67,74.56,281.9,33.75,114.7,4.122,27.68,28.14,27.39,0.187,34.4,35.43,33.05,0.511,2.476,3.95,0,0.618,2.806,873.0053,0
"2023-01-21 18:00:00",152,12.64,38.53,112.8,23.79,53.6,4.074,27.2,27.56,26.74,0.203,35.39,36.18,34.31,0.344,2.244,3.95,0,0.695,2.782,873.0232,0
"2023-01-21 18:10:00",153,12.62,17.74,14.74,13.86,19.42,4.038,26.61,26.88,26.37,0.116,36.17,36.9,35.33,0.347,2.223,3.2,0,0.507,2.709,873.1255,0
"2023-01-21 18:20:00",154,12.59,7.747,0.837,5.685,7.248,4.016,26.24,26.51,25.99,0.086,37.25,37.72,36.63,0.231,1.873,3.2,0.95,0.454,2.709,873.2048,0
"2023-01-21 18:30:00",155,12.58,1.3,0.01,0.472,0.686,3.996,26.02,26.2,25.86,0.063,37.86,38.5,37.24,0.273,1.533,3.2,0,0.519,2.637,873.276,0
"2023-01-21 18:40:00",156,12.58,0,0.011,0,0,3.993,25.78,26,25.56,0.087,38.66,39.63,37.92,0.327,1.265,2.45,0,0.424,2.564,873.3051,0
"2023-01-21 18:50:00",157,12.56,0,0.018,0,0,3.994,25.58,25.73,25.42,0.056,38.72,39.7,37.82,0.389,1.099,2.45,0,0.61,2.54,873.4894,0
"2023-01-21 19:00:00",158,12.57,0,0.03,0,0,3.994,25.41,25.6,25.25,0.071,38.45,39.02,37.82,0.272,1.297,2.45,0,0.507,2.54,873.5545,0
"2023-01-21 19:10:00",159,12.56,0,0.018,0,0,3.994,25.25,25.46,24.98,0.1,38.57,40.17,37.86,0.383,0.63,2.45,0,0.631,2.468,873.7119,0
"2023-01-21 19:20:00",160,12.54,0,0.009,0,0,3.994,24.97,25.12,24.78,0.064,39.12,40.96,38.3,0.4,0.214,1.7,0,0.43,2.419,873.7206,0
"2023-01-21 19:30:00",161,12.54,0,0.024,0,0,3.994,24.87,25.08,24.44,0.153,39.75,42.12,37.38,1.364,0.16,2.45,0,0.421,2.274,873.8256,0
"2023-01-21 19:40:00",162,12.53,0,0,0,0,3.994,24.12,24.54,23.69,0.182,42.45,44.26,40.99,0.949,0.014,0.95,0,0.115,2.25,873.9075,0
"2023-01-21 19:50:00",163,12.54,0,0.001,0,0,3.994,23.39,23.89,22.74,0.339,45.54,48.39,42.39,1.598,0.698,2.45,0,0.798,2.25,874.079,0
"2023-01-21 20:00:00",164,12.53,0,0.012,0,0,3.994,22.78,22.97,22.57,0.078,46.23,47.47,44.57,0.622,1.391,2.45,0,0.401,2.226,874.2481,0
"2023-01-21 20:10:00",165,12.51,0,0.105,0,0,3.994,23.01,23.32,22.7,0.155,45.26,47.5,43.45,1.158,1.284,2.45,0,0.476,2.202,874.3411,0
"2023-01-21 20:20:00",166,12.51,0,0.007,0,0,3.994,22.87,23.08,22.67,0.078,45.89,46.92,44.44,0.552,0.349,1.7,0,0.496,2.371,874.5045,0
"2023-01-21 20:30:00",167,12.5,0,0.111,0,0,3.994,22.92,23.35,22.6,0.168,46.51,47.61,45.7,0.378,0,0,0,0,2.274,874.5619,0
"2023-01-21 20:40:00",168,12.5,0,0.004,0,0,3.994,22.96,23.35,22.26,0.293,47.25,49.72,45.9,1.09,0,0,0,0,2.323,874.6518,0
"2023-01-21 20:50:00",169,12.5,0,0.003,0,0,3.994,21.85,22.4,21.24,0.266,50.56,52.89,49.04,1.196,1.272,2.45,0,0.603,2.299,874.7255,0
"2023-01-21 21:00:00",170,12.49,0,0.008,0,0,3.994,21.22,21.41,21.03,0.063,52.36,52.96,51.76,0.262,1.522,2.45,0,0.531,2.274,874.8234,0
"2023-01-21 21:10:00",171,12.47,0,0.014,0,0,3.994,21.24,21.41,21.03,0.065,52.45,52.99,52,0.221,1.841,2.45,0.95,0.329,2.226,874.8399,0
"2023-01-21 21:20:00",172,12.37,0,0.014,0,0,3.994,21.2,21.41,20.9,0.112,52.58,53.47,51.97,0.387,2.199,3.2,1.7,0.364,2.202,874.8971,0
"2023-01-21 21:30:00",173,12.2,0,0.004,0,0,3.994,20.68,21.07,20.15,0.259,53.92,55.48,52.96,0.722,2.188,3.2,1.7,0.404,2.178,874.9708,0
"2023-01-21 21:40:00",174,11.99,0,0,0,0,3.994,19.96,20.21,19.67,0.116,55.44,55.99,54.97,0.193,2.136,3.2,0,0.478,2.178,875.0446,0
"2023-01-21 21:50:00",175,11.79,0,0.001,0,0,3.994,19.52,19.77,19.33,0.101,56.21,56.67,55.68,0.219,2.017,3.2,0.95,0.438,2.129,875.1343,0
"2023-01-21 22:00:00",176,11.3,0,0.037,0,0,3.994,19.85,20.15,19.46,0.165,54.51,55.89,53.71,0.609,2.03,3.2,0.95,0.39,2.105,875.2161,0
"2023-01-21 22:10:00",177,10.9,0,0.072,0,0,3.994,19.95,20.08,19.81,0.05,53.77,54.15,53.37,0.187,2.46,3.95,0.95,0.458,2.081,875.2324,0
"2023-01-21 22:20:00",178,10.46,0,0.029,0,0,3.994,19.85,20.01,19.74,0.045,53.8,54.25,53.3,0.22,2.554,3.95,0.95,0.523,2.081,875.2733,0
"2023-01-21 22:30:00",179,10.54,0,0,0,0,3.994,19.63,19.91,19.4,0.103,54.65,55.61,53.74,0.48,0.672,3.2,0,0.728,1.96,875.3965,0
"2023-01-21 22:40:00",180,10.54,0,0.018,0,0,3.994,19.72,20.11,19.43,0.184,54.67,55.89,53.16,0.857,0.543,2.45,0,0.671,1.96,875.5595,0
"2023-01-21 22:50:00",181,10.54,0,0.012,0,0,3.994,20.08,20.25,19.94,0.058,53.67,54.08,52.92,0.227,0.158,0.95,0,0.354,2.008,875.5677,0
"2023-01-21 23:00:00",182,10.53,0,0.013,0,0,3.994,19.77,20.08,19.4,0.193,54.8,56.06,53.91,0.637,0.747,2.45,0,0.676,1.839,875.6088,0
"2023-01-21 23:10:00",183,10.53,0,0.075,0,0,3.994,19.49,19.7,19.16,0.11,55.96,57.08,55,0.518,1.389,2.45,0,0.598,2.008,875.6575,0
"2023-01-21 23:20:00",184,10.52,0,0.123,0,0,3.994,19.27,19.57,19.02,0.109,56.42,58.1,55.03,0.838,1.467,3.2,0,0.876,1.984,875.625,0
"2023-01-21 23:30:00",185,10.51,0,0.013,0,0,3.994,19.11,19.53,18.65,0.227,56.74,58.03,55.34,0.754,1.935,2.45,0.95,0.461,1.984,875.6823,0
"2023-01-21 23:40:00",186,10.51,0,0.005,0,0,3.994,18.49,18.78,18.27,0.091,58.87,59.43,57.86,0.316,2.454,3.2,0.95,0.455,1.984,875.7148,0
"2023-01-21 23:50:00",187,10.49,0,0.026,0,0,3.994,18.44,18.72,18.17,0.136,59.47,60.52,58.58,0.593,2.345,3.2,0.95,0.49,1.936,875.715,0
"2023-01-22 00:00:00",188,10.48,0,0.028,0,0,3.994,18.42,18.75,18.14,0.135,60.3,61.54,59.46,0.558,2.133,3.2,0.95,0.463,1.936,875.7231,0
"2023-01-22 00:10:00",189,10.46,0,0.024,0,0,3.994,18.26,18.48,18.07,0.098,61.36,61.85,60.69,0.315,2.316,3.2,0.95,0.446,1.742,875.7231,0
"2023-01-22 00:20:00",190,10.43,0,0.018,0,0,3.994,18.32,18.48,18.14,0.061,60.87,61.31,60.49,0.199,2.209,3.2,0,0.56,1.863,875.7395,0
"2023-01-22 00:30:00",191,10.41,0,0.17,0,0,3.994,18.45,18.65,18.17,0.091,59.68,61.1,58.89,0.462,2.384,3.95,0.95,0.484,1.887,875.7231,0
"2023-01-22 00:40:00",192,10.37,0,0.052,0,0,3.994,18.43,18.78,18.24,0.13,59.14,59.7,58.44,0.244,2.44,3.2,1.7,0.482,1.911,875.6983,0
"2023-01-22 00:50:00",193,10.33,0,0.003,0,0,3.994,18.12,18.48,17.86,0.137,59.99,60.86,58.85,0.47,2.503,3.2,0.95,0.552,1.863,875.5924,0
"2023-01-22 01:00:00",194,10.33,0,0.133,0,0,3.994,18.12,18.54,17.66,0.234,59.93,61.37,58.51,0.845,2.371,3.95,1.7,0.511,1.863,875.6414,0
"2023-01-22 01:10:00",195,10.29,0,0.026,0,0,3.994,18.08,18.51,17.69,0.2,60.16,61.48,58.72,0.744,2.196,3.2,0.95,0.411,1.887,875.584,0
"2023-01-22 01:20:00",196,10.29,0,0.001,0,0,3.994,17.57,18.03,17.32,0.165,62.39,63.08,60.62,0.653,2.286,3.2,1.7,0.365,1.839,875.5595,0
"2023-01-22 01:30:00",197,10.28,0,0.032,0,0,3.994,17.6,17.93,17.39,0.108,62.44,62.91,61.68,0.343,2.201,3.2,1.7,0.356,1.863,875.543,0
"2023-01-22 01:40:00",198,10.27,0,0.003,0,0,3.994,17.37,17.56,17.18,0.078,63.39,63.93,62.8,0.259,2.29,3.2,1.7,0.35,1.815,875.4147,0
"2023-01-22 01:50:00",199,10.28,0,0.007,0,0,3.994,17.34,17.49,17.22,0.044,63.39,63.72,63.15,0.1,2.175,3.2,0.95,0.412,1.815,875.356,0
"2023-01-22 02:00:00",200,10.27,0,0.024,0,0,3.994,17.32,17.52,17.11,0.08,63.34,63.79,62.91,0.219,2.751,3.95,0.95,0.563,1.815,875.2448,0
"2023-01-22 02:10:00",201,10.27,0,0.033,0,0,3.994,17.3,17.45,17.15,0.056,63.35,63.69,62.98,0.152,2.603,3.95,0.95,0.51,1.839,875.2386,0
"2023-01-22 02:20:00",202,10.27,0,0.037,0,0,3.994,17.41,17.56,17.28,0.05,63.03,63.55,62.7,0.163,2.823,3.95,1.7,0.426,1.815,875.1191,0
"2023-01-22 02:30:00",203,10.26,0,0.024,0,0,3.994,17.29,17.49,17.12,0.072,63.73,64.1,63.25,0.195,2.336,3.2,1.7,0.366,1.766,874.9596,0
"2023-01-22 02:40:00",204,10.26,0,0.012,0,0,3.994,17.33,17.52,17.18,0.057,63.7,64.1,63.35,0.156,2.244,3.2,0.95,0.382,1.79,874.9127,0
"2023-01-22 02:50:00",205,10.25,0,0.024,0,0,3.994,17.17,17.39,17.01,0.07,64.27,64.75,63.56,0.25,2.04,3.2,0.95,0.383,1.766,874.9195,0
"2023-01-22 03:00:00",206,10.24,0,0.104,0,0,3.994,17.32,17.63,16.88,0.204,63.82,65.47,62.64,0.868,2.047,3.2,0.95,0.384,1.597,874.8536,0
"2023-01-22 03:10:00",207,10.23,0,0.033,0,0,3.994,17.04,17.29,16.81,0.132,65.29,65.91,64.72,0.361,2.226,3.2,0.95,0.389,1.597,874.8494,0
"2023-01-22 03:20:00",208,10.23,0,0.017,0,0,3.994,17.12,17.32,16.84,0.11,65.28,66.22,64.75,0.443,2.085,3.2,0.95,0.452,1.791,874.8447,0
"2023-01-22 03:30:00",209,10.22,0,0,0,0,3.994,16.86,17.12,16.54,0.133,66.51,67.62,65.5,0.586,2.064,3.2,0.95,0.413,1.742,874.8827,0
"2023-01-22 03:40:00",210,10.22,0,0.02,0,0,3.994,16.76,16.98,16.47,0.108,67.13,67.92,66.59,0.368,2.65,3.2,1.7,0.34,1.791,874.8954,0
"2023-01-22 03:50:00",211,10.22,0,0.022,0,0,3.994,16.83,17.05,16.61,0.093,67.02,67.89,66.49,0.368,2.608,3.2,1.7,0.332,1.766,874.8206,0
"2023-01-22 04:00:00",212,10.21,0,0.033,0,0,3.994,16.82,17.02,16.68,0.062,67.28,67.69,66.63,0.251,2.459,3.2,1.7,0.308,1.742,874.8011,0
"2023-01-22 04:10:00",213,10.2,0,0.003,0,0,3.994,16.56,16.85,16.34,0.114,68.39,69.19,67.34,0.473,2.594,3.2,1.7,0.374,1.718,874.7897,0
"2023-01-22 04:20:00",214,10.2,0,0.007,0,0,3.994,16.46,16.61,16.3,0.077,69.05,69.7,68.61,0.303,2.856,3.95,1.7,0.41,1.742,874.8652,0
"2023-01-22 04:30:00",215,10.19,0,0.016,0,0,3.994,16.36,16.58,16.17,0.093,69.57,70.21,68.84,0.372,2.573,3.2,1.7,0.431,1.742,874.9394,0
"2023-01-22 04:40:00",216,10.18,0,0.01,0,0,3.994,16.24,16.4,16.13,0.046,70.18,70.48,69.8,0.147,2.474,3.2,1.7,0.388,1.718,874.9507,0
"2023-01-22 04:50:00",217,10.19,0,0.173,0,0,3.994,16.49,16.85,16.17,0.151,69.45,70.31,68.4,0.515,2.756,3.2,1.7,0.379,1.694,874.9568,0
"2023-01-22 05:00:00",218,10.19,0,0.033,0,0,3.994,16.52,16.71,16.37,0.063,69.46,69.94,68.95,0.2,2.741,3.2,1.7,0.371,1.694,874.9587,0
"2023-01-22 05:10:00",219,10.17,0,0.019,0,0,3.994,16.37,16.64,15.89,0.186,70.08,71.64,69.26,0.694,2.688,3.2,1.7,0.397,1.718,874.9617,0
"2023-01-22 05:20:00",220,10.16,0,0.001,0,0,3.994,16,16.24,15.73,0.127,71.49,72.43,70.72,0.508,2.716,3.2,1.7,0.367,1.67,874.9622,0
"2023-01-22 05:30:00",221,10.16,0,0.003,0,0,3.995,15.9,16.03,15.73,0.049,71.93,72.32,71.64,0.118,2.724,3.2,1.7,0.366,1.718,874.9681,0
"2023-01-22 05:40:00",222,10.15,0,0.001,0,0,3.995,15.72,15.9,15.56,0.065,72.6,73.01,72.12,0.235,2.475,3.2,1.7,0.305,1.67,874.9691,0
"2023-01-22 05:50:00",223,10.15,0,0.001,0,0,3.995,15.62,15.76,15.35,0.082,73.04,73.76,72.56,0.273,2.191,3.2,0.95,0.41,1.5,875.0021,0
"2023-01-22 06:00:00",224,10.14,0,0.003,0,0,3.995,15.43,15.59,15.28,0.051,73.84,74.2,73.41,0.147,2.164,3.2,0.95,0.476,1.694,875.1221,0
"2023-01-22 06:10:00",225,10.12,0,0.033,0,0,3.995,15.36,15.49,15.18,0.069,74.23,74.71,73.86,0.209,2.376,3.2,0.95,0.359,1.646,875.2468,0
"2023-01-22 06:20:00",226,10.09,0,0.008,0,0,3.995,15.28,15.49,15.11,0.081,74.64,75.22,74.03,0.318,2.179,3.2,0.95,0.383,1.646,875.2963,0
"2023-01-22 06:30:00",227,10.09,0,0.028,0,0,3.995,15.22,15.35,15.04,0.062,74.92,75.39,74.51,0.196,2.226,3.2,0.95,0.47,1.621,875.2964,0
"2023-01-22 06:40:00",228,10.06,0,0.005,0,0,3.995,15.17,15.35,15.01,0.058,75.2,75.56,74.61,0.238,2.05,3.2,0.95,0.428,1.597,875.4438,0
"2023-01-22 06:50:00",229,10.05,0,0.003,0,0,3.995,14.92,15.25,14.7,0.116,76.23,76.93,75.29,0.497,1.312,2.45,0,0.474,1.621,875.6073,0
"2023-01-22 07:00:00",230,10.01,0,0.009,0,0,3.995,14.77,15.08,14.46,0.164,76.82,77.88,75.9,0.595,1.764,2.45,0.95,0.358,1.621,875.7385,0
"2023-01-22 07:10:00",231,10.02,0.472,0.016,0.093,0.043,3.995,14.48,14.64,14.33,0.056,77.99,78.43,77.51,0.199,2.14,2.45,0.95,0.372,1.597,875.8773,0
"2023-01-22 07:20:00",232,10,5.049,0.225,3.819,4.358,4,14.51,14.67,14.36,0.049,77.81,78.19,77.51,0.162,2.013,2.45,1.7,0.37,1.621,875.9507,0
"2023-01-22 07:30:00",233,10.01,15.34,36.47,12.55,23.64,4.021,14.4,14.57,14.23,0.053,78.35,78.7,77.95,0.169,2.293,3.2,1.7,0.323,1.573,875.9755,0
"2023-01-22 07:40:00",234,10.05,39.03,137.6,23.29,60.9,4.045,14.62,14.94,14.33,0.147,77.76,78.46,76.72,0.514,2.395,3.2,1.7,0.275,1.573,876.1882,0
"2023-01-22 07:50:00",235,10.1,64.32,218.8,33.26,100.1,4.085,14.94,15.15,14.77,0.059,76.57,76.96,76.14,0.138,2.338,3.2,1.7,0.336,1.597,876.3355,0
"2023-01-22 08:00:00",236,10.22,94.8,295,41.74,143,4.135,15.27,15.62,14.98,0.141,75.53,76.28,74.44,0.46,2.145,2.45,1.7,0.368,1.621,876.5563,0
"2023-01-22 08:10:00",237,10.39,128.5,363.1,50.39,188,4.202,15.73,16,15.49,0.11,73.9,74.61,73.01,0.366,1.84,2.45,0.95,0.311,1.621,876.6381,0
"2023-01-22 08:20:00",238,10.65,163.8,423.9,57.61,234.6,4.285,16.35,16.68,15.93,0.181,71.94,73.04,71.06,0.464,1.636,2.45,0.95,0.414,1.694,876.8018,0
"2023-01-22 08:30:00",239,10.82,199.1,475.2,63.56,279.2,4.39,16.88,17.26,16.58,0.169,70.3,71.3,69.22,0.512,1.087,1.7,0,0.432,1.597,876.9288,0
"2023-01-22 08:40:00",240,10.9,231.3,520.4,69.06,323.9,4.515,17.68,18.11,17.19,0.225,67.31,69.39,65.67,0.995,0.671,1.7,0,0.461,1.815,876.9954,0
"2023-01-22 08:50:00",241,10.77,272.6,563.5,73.64,368.7,4.661,18.45,18.99,17.97,0.263,64.19,65.94,62.74,0.815,0,0,0,0,1.863,877.058,0
"2023-01-22 09:00:00",242,10.79,309.1,597.3,78.08,412,4.821,19.35,19.91,18.89,0.234,61.55,62.91,59.7,0.752,0.186,1.7,0,0.38,1.839,877.1887,0
"2023-01-22 09:10:00",243,10.76,347.4,627.8,82.8,456.7,5.014,20.42,20.93,19.84,0.335,58.01,59.91,56.4,0.925,0.395,1.7,0,0.563,1.911,877.1956,0
"2023-01-22 09:20:00",244,11.13,381.6,644.1,89.5,495.2,5.219,21.03,21.41,20.69,0.121,56.9,58.31,55.21,0.787,0.858,2.45,0,0.636,1.96,877.1628,0
"2023-01-22 09:30:00",245,13.18,414.3,664.1,91.5,533.5,5.447,22.1,22.53,21.31,0.285,53.16,55.31,51.93,0.765,0.52,1.7,0,0.608,2.032,877.2037,0
"2023-01-22 09:40:00",246,13.11,457.2,704.2,92.6,584,5.728,22.55,22.84,21.92,0.238,51.25,52.68,50.26,0.587,1.531,3.2,0,0.682,2.177,877.1844,0
"2023-01-22 09:50:00",247,13.1,496.1,733.7,94.9,628.9,6.01,21.83,22.56,21.3,0.3,52.72,54.08,51.42,0.714,1.206,2.45,0,0.627,2.202,877.1619,0
"2023-01-22 10:00:00",248,13.07,528.6,754.5,97,667.1,6.301,23.26,23.72,22.53,0.313,49.24,51.45,48.15,0.711,1.108,3.2,0,0.772,2.226,877.1169,0
"2023-01-22 10:10:00",249,13.06,558.3,763.9,99.6,698,6.574,22.83,23.28,22.53,0.175,50.57,51.52,49.44,0.533,1.102,3.2,0,0.884,2.298,876.917,0
"2023-01-22 10:20:00",250,13.06,589.2,777.4,102.6,731.2,6.868,23.09,23.28,22.83,0.085,50.05,50.74,49.51,0.28,1.318,3.2,0,0.792,2.323,876.8374,0
"2023-01-22 10:30:00",251,13.06,620.4,787.8,106.8,764.4,7.158,23.16,23.48,22.8,0.162,49.68,50.74,48.72,0.465,1.667,3.2,0,0.786,2.443,876.799,0
"2023-01-22 10:40:00",252,13.05,643.6,792.4,109,787.5,7.434,22.91,23.27,22.48,0.195,50.21,51.55,49.4,0.48,0.82,3.2,0,0.86,2.564,876.7446,0
"2023-01-22 10:50:00",253,13.04,672.4,808,110.3,818,7.745,23.22,23.54,22.72,0.173,49.48,50.56,48.48,0.541,1.421,3.2,0,0.673,2.491,876.6868,0
"2023-01-22 11:00:00",254,13.04,702.8,829,109.9,852,8.09,23.63,24.05,23.27,0.181,48.35,49.61,47.15,0.56,1.804,3.95,0,0.854,2.588,876.6241,0
"2023-01-22 11:10:00",255,13.03,724.2,839,109.4,876,8.39,23.48,24.08,22.96,0.287,48.15,49.3,46.81,0.675,1.196,3.95,0,0.861,2.491,876.5306,0
"2023-01-22 11:20:00",256,13.03,744.8,849,110.6,898,8.68,24.63,25.1,23.74,0.37,45.24,47.29,43.91,0.878,1.138,3.2,0,0.876,2.564,876.4025,0
"2023-01-22 11:30:00",257,13.02,762.2,855,110.1,913,8.94,25.31,25.92,24.83,0.317,43.25,44.56,41.63,0.885,0.644,3.2,0,0.862,2.757,876.2786,0
"2023-01-22 11:40:00",258,13.01,782.7,864,110.6,934,9.19,24.94,25.34,24.42,0.247,44.73,46.09,43.5,0.508,1.454,3.95,0,0.812,2.661,876.1554,0
"2023-01-22 11:50:00",259,13,797.9,873,109.2,951,9.41,24.34,24.73,23.77,0.234,45.65,47.05,44.49,0.693,1.109,3.95,0,0.932,2.782,875.8915,0
"2023-01-22 12:00:00",260,13,809,876,110.1,962,9.59,24.53,25.58,23.7,0.524,45.53,47.79,43.16,1.155,0.962,3.2,0,0.772,2.709,875.7477,0
"2023-01-22 12:10:00",261,13.01,819,880,111.4,973,9.73,25.78,26.16,25.44,0.148,42.8,43.67,41.46,0.52,1.768,3.95,0,0.791,2.733,875.5983,0
"2023-01-22 12:20:00",262,13.01,823,879,109.6,976,9.81,25.74,26.16,25.37,0.196,42.43,43.4,41.49,0.543,0.982,2.45,0,0.637,2.902,875.4175,0
"2023-01-22 12:30:00",263,13,826,878,108.7,978,9.88,25.47,26.02,24.79,0.328,42.95,44.49,41.66,0.775,1.044,2.45,0,0.727,2.781,875.1738,0
"2023-01-22 12:40:00",264,12.99,840,889,109.7,994,9.98,24.94,25.99,24.49,0.344,44.3,45.65,41.76,0.949,1.574,3.2,0,0.596,2.733,874.8871,0
"2023-01-22 12:50:00",265,13,834,883,109.6,988,9.96,24.92,25.85,24.25,0.443,44.55,45.82,42.31,0.787,1.222,3.95,0,1.098,2.854,874.6328,0
"2023-01-22 13:00:00",266,13,832,881,109.6,984,9.92,25.38,25.88,24.79,0.299,43.47,44.93,42.34,0.682,1.397,3.2,0,0.753,2.733,874.3668,0
"2023-01-22 13:10:00",267,12.99,839,893,108.7,992,9.95,25.54,25.99,24.76,0.267,43.05,44.93,41.8,0.68,2.204,4.7,0,0.946,2.83,874.0523,0
"2023-01-22 13:20:00",268,12.99,825,881,108,977,9.78,25.69,26.39,24.73,0.518,42.52,45.34,39.65,1.732,2.037,3.95,0,0.873,2.854,873.834,0
"2023-01-22 13:30:00",269,12.98,814,872,108.5,963,9.63,25.84,26.39,25.27,0.33,41.13,42.62,38.7,0.903,2.121,4.7,0,1.147,2.902,873.6654,0
"2023-01-22 13:40:00",270,12.97,811,879,108.9,963,9.55,26.12,26.7,25.68,0.24,40.29,41.7,38.73,0.717,1.349,3.2,0,0.921,2.854,873.6053,0
"2023-01-22 13:50:00",271,12.95,804,888,106,955,9.43,26.63,26.94,26.29,0.144,39.12,40.16,37.88,0.474,1.285,5.45,0,0.956,2.854,873.4579,0
"2023-01-22 14:00:00",272,12.97,795,891,103.9,945,9.27,26.76,27.49,26.06,0.326,38.73,40.57,36.28,0.905,1.9,4.7,0,1.334,2.902,873.3344,0
"2023-01-22 14:10:00",273,12.95,777.3,890,100.7,928,9.06,27.53,27.86,27.11,0.188,35.66,36.89,34.1,0.627,1.348,3.95,0,1.118,2.902,873.2377,0
"2023-01-22 14:20:00",274,12.95,762.7,887,98.5,912,8.82,27.39,27.96,26.84,0.317,36.1,37.88,34.41,1.064,2.86,6.2,0,1.531,2.854,873.0068,0
"2023-01-22 14:30:00",275,12.95,735,868,99.6,884,8.49,27.48,28.2,27.01,0.363,36.33,37.88,33.73,1.265,2.157,4.7,0,1.205,2.854,872.8574,0
"2023-01-22 14:40:00",276,12.97,713.5,865,96.4,860,8.23,27.53,28.37,26.73,0.54,35.02,37.03,33.45,1.137,1.749,3.95,0,0.982,2.854,872.6191,0
"2023-01-22 14:50:00",277,12.97,686.6,854,94.1,832,7.926,28.06,28.71,27.18,0.477,34.45,36.48,32.87,1.03,1.898,4.7,0,1.037,2.927,872.4393,0
"2023-01-22 15:00:00",278,12.97,670.5,858,91.6,814,7.684,27.88,28.92,26.77,0.747,33.76,35.6,31.89,1.007,2.33,4.7,0,0.959,2.878,872.3251,0
"2023-01-22 15:10:00",279,12.97,647.8,861,87.7,793.3,7.437,27.68,28.13,27.25,0.226,32.91,35.53,32.02,0.802,2.363,4.7,0,1.009,2.854,872.2676,0
"2023-01-22 15:20:00",280,12.97,621.4,859,83.8,766.9,7.161,27.57,27.96,27.04,0.196,32.54,33.38,31.75,0.375,2.419,4.7,0.95,0.79,2.854,872.1779,0
"2023-01-22 15:30:00",281,12.98,585.8,846,80.7,728.3,6.842,28.31,29.7,27.04,0.811,30.76,33.11,28.41,1.347,1.317,3.95,0,1.177,2.854,872.1312,0
"2023-01-22 15:40:00",282,12.98,555.2,837,77.91,695.4,6.557,29.27,29.53,28.95,0.137,29.21,30.11,28.55,0.319,1.901,5.45,0,1.275,2.878,872.1312,0
"2023-01-22 15:50:00",283,12.98,524.9,826,76.31,662.1,6.271,28.83,29.36,28.44,0.251,29.68,30.52,28.68,0.45,2.413,5.45,0,1.017,2.854,872.1277,0
"2023-01-22 16:00:00",284,12.97,494.9,819,73.79,630.3,6.002,28.92,29.6,28.54,0.268,29.5,30.15,28.62,0.381,1.679,4.7,0,0.875,2.902,872.0826,0
"2023-01-22 16:10:00",285,12.98,456.9,802,71.54,586.9,5.729,30.08,30.45,29.56,0.17,27.92,29.02,27.29,0.377,0.95,2.45,0,0.714,2.999,872.0326,0
"2023-01-22 16:20:00",286,12.97,423.6,784.9,68.18,548,5.48,29.85,30.72,29.05,0.487,27.99,29.02,26.71,0.615,1.888,4.7,0,1.054,2.951,872.0006,0
"2023-01-22 16:30:00",287,12.97,388.8,764.9,65.28,509.5,5.244,28.7,29.29,27.96,0.329,29.29,30.25,28.14,0.48,2.155,4.7,0,0.879,2.854,871.9354,0
"2023-01-22 16:40:00",288,12.98,347.7,733.5,62.74,463.6,5.024,28.82,29.22,28.47,0.195,29.12,30.05,27.83,0.608,1.804,3.2,0,0.77,2.878,871.8398,0
"2023-01-22 16:50:00",289,12.98,307,701.2,60.18,416.7,4.83,29.44,29.7,29.09,0.125,27.16,28.48,26.2,0.799,1.663,4.7,0,1.261,2.902,871.8645,0
"2023-01-22 17:00:00",290,12.98,264.4,652.3,57.73,365.4,4.652,29.83,30.18,29.53,0.104,26.95,28.27,25.45,0.886,1.65,3.2,0,0.682,2.854,871.9264,0
"2023-01-22 17:10:00",291,12.88,222.9,596.2,54.13,313.5,4.499,29.28,29.67,29.12,0.086,28.66,29.23,28.1,0.268,1.369,3.95,0,0.986,2.927,871.9583,0
"2023-01-22 17:20:00",292,12.83,184.4,540.3,49.69,264.9,4.374,28.99,29.36,28.75,0.12,28.99,29.74,28.28,0.332,1.693,3.95,0,0.636,2.83,871.9379,0
"2023-01-22 17:30:00",293,12.78,148.6,482,44.72,219.3,4.272,28.47,28.85,28.2,0.147,29.8,30.46,28.96,0.379,1.751,3.2,0,0.693,2.806,871.9572,0
"2023-01-22 17:40:00",294,12.74,111.9,413,38.82,171.6,4.188,28.31,28.54,28,0.126,30.95,31.48,30.39,0.285,1.42,3.2,0,0.689,2.806,871.9295,0
"2023-01-22 17:50:00",295,12.72,80.2,342.2,32.13,128.7,4.125,27.8,28.14,27.36,0.206,32.28,33.15,31.34,0.53,1.84,3.2,0,0.647,2.733,871.9096,0
"2023-01-22 18:00:00",296,12.69,52.36,258.4,24.22,86.5,4.076,27.37,27.59,27.15,0.088,33.7,34.48,32.98,0.435,1.201,3.2,0,0.666,2.733,871.9092,0
"2023-01-22 18:10:00",297,12.66,23.26,74.66,14.75,31.42,4.04,27.07,27.42,26.61,0.199,35.24,36.18,34.27,0.509,0.732,2.45,0,0.716,2.709,872.022,0
"2023-01-22 18:20:00",298,12.64,8.86,2.159,6.037,7.839,4.017,26.31,26.74,25.99,0.179,36.81,37.54,35.94,0.411,0.774,1.7,0,0.632,2.661,872.0236,0
"2023-01-22 18:30:00",299,12.64,1.241,0.007,0.302,0.358,3.998,25.84,26.13,25.55,0.143,38.04,38.71,37.31,0.354,0.067,1.7,0,0.276,2.588,872.035,0
"2023-01-22 18:40:00",300,12.63,0,0.001,0,0,3.993,25.27,25.69,24.81,0.226,39.96,40.99,38.33,0.633,0,0,0,0,2.54,871.9758,0
"2023-01-22 18:50:00",301,12.62,0,0.001,0,0,3.994,24.64,24.94,24.4,0.119,41.54,42.59,40.68,0.422,0,0,0,0,2.492,872.0436,0
"2023-01-22 19:00:00",302,12.61,0,0.005,0,0,3.993,24.34,24.54,24.13,0.062,42.7,43.79,42.01,0.355,0,0,0,0,2.347,872.2548,0
"2023-01-22 19:10:00",303,12.61,0,0.021,0,0,3.994,24.01,24.37,23.82,0.115,43.49,44.3,42.66,0.344,0,0,0,0,2.54,872.4592,0
"2023-01-22 19:20:00",304,12.61,0,0.016,0,0,3.994,23.67,23.99,23.31,0.158,44.11,45.25,43.38,0.373,0,0,0,0,2.468,872.5906,0
"2023-01-22 19:30:00",305,12.59,0,0.018,0,0,3.994,23.35,23.55,22.91,0.116,44.93,45.9,44.06,0.27,0.287,3.2,0,0.783,2.419,872.7545,0
"2023-01-22 19:40:00",306,12.59,0,0.001,0,0,3.994,22.38,22.97,22.05,0.177,46.64,47.09,45.77,0.222,2.46,3.2,1.7,0.367,2.395,872.9332,0
"2023-01-22 19:50:00",307,12.58,0,0.006,0,0,3.994,21.98,22.26,21.82,0.085,46.81,47.4,46.38,0.217,2.828,3.95,1.7,0.501,2.419,873.0652,0
"2023-01-22 20:00:00",308,12.58,0,0.012,0,0,3.994,21.88,22.05,21.68,0.063,46.96,47.4,46.55,0.179,2.473,3.95,0.95,0.537,2.371,873.2453,0
"2023-01-22 20:10:00",309,12.56,0,0.025,0,0,3.994,21.77,21.95,21.58,0.077,47.04,47.67,46.35,0.296,2.47,3.2,0.95,0.491,2.323,873.3598,0
"2023-01-22 20:20:00",310,12.55,0,0.02,0,0,3.994,21.49,21.68,21.31,0.063,47.7,48.29,47.23,0.226,2.252,3.95,0,0.587,2.299,873.4988,0
"2023-01-22 20:30:00",311,12.53,0,0.013,0,0,3.994,21.31,21.65,20.93,0.174,48.21,49.45,47.09,0.648,2.307,3.2,0,0.53,2.25,873.6378,0
"2023-01-22 20:40:00",312,12.48,0,0.003,0,0,3.994,20.92,21.2,20.69,0.113,49.42,50.13,48.59,0.44,1.905,3.2,0,0.636,2.226,873.6458,0
"2023-01-22 20:50:00",313,12.34,0,0.005,0,0,3.994,20.83,21.07,20.52,0.103,49.76,50.74,49.07,0.437,1.391,2.45,0,0.467,2.202,873.7359,0
"2023-01-22 21:00:00",314,12.26,0,0.012,0,0,3.994,20.73,20.96,20.49,0.099,49.98,50.5,49.55,0.209,1.466,2.45,0,0.523,2.202,873.9077,0
"2023-01-22 21:10:00",315,12.14,0,0.013,0,0,3.994,20.55,20.76,20.35,0.092,50.71,51.63,49.89,0.5,1.78,2.45,0,0.438,2.178,873.9238,0
"2023-01-22 21:20:00",316,11.97,0,0.025,0,0,3.994,20.43,20.59,20.25,0.07,51.24,51.9,50.74,0.247,2.12,3.2,0.95,0.503,2.105,873.9813,0
"2023-01-22 21:30:00",317,11.69,0,0.001,0,0,3.994,20.19,20.42,19.91,0.101,52.11,52.89,51.42,0.377,1.607,2.45,0,0.489,2.129,874.0714,0
"2023-01-22 21:40:00",318,11.34,0,0.008,0,0,3.994,19.89,20.08,19.74,0.056,53.04,53.54,52.58,0.173,2.133,3.2,0,0.562,2.057,874.2348,0
"2023-01-22 21:50:00",319,10.62,0,0.001,0,0,3.994,19.8,20.01,19.4,0.125,53.51,55.14,52.68,0.677,1.795,5.45,0,0.874,2.008,874.3578,0
"2023-01-22 22:00:00",320,10.53,0,0.241,0,0,3.994,20.2,20.56,19.4,0.295,51.69,54.42,50.88,0.898,1.946,6.2,0,1.606,1.96,874.5862,0
"2023-01-22 22:10:00",321,10.57,0,0.004,0,0,3.994,20.3,20.42,20.15,0.052,51.68,52.1,51.25,0.19,0.513,1.7,0,0.571,2.008,874.6765,0
"2023-01-22 22:20:00",322,10.57,0,0.005,0,0,3.994,20.06,20.32,19.7,0.111,52.62,54.49,51.59,0.636,0.313,2.45,0,0.654,2.032,874.8564,0
"2023-01-22 22:30:00",323,10.57,0,0.112,0,0,3.994,19.4,19.77,19.12,0.151,54.54,55.55,53.37,0.561,2.226,3.2,1.7,0.406,1.984,874.9052,0
"2023-01-22 22:40:00",324,10.56,0,0.11,0,0,3.994,19.72,20.15,19.33,0.231,53.42,54.49,52,0.658,1.658,2.45,0.95,0.392,1.984,874.9052,0
"2023-01-22 22:50:00",325,10.55,0,0.201,0,0,3.994,20.03,20.42,19.6,0.234,52.63,53.81,51.52,0.782,1.831,2.45,0.95,0.345,1.936,875.0117,0
"2023-01-22 23:00:00",326,10.56,0,0,0,0,3.994,19.15,19.77,18.89,0.221,55.29,56.06,53.47,0.676,2.073,3.2,0.95,0.437,1.79,875.0607,0
"2023-01-22 23:10:00",327,10.54,0,0.03,0,0,3.994,19.03,19.26,18.85,0.069,55.99,56.43,55.27,0.288,1.436,2.45,0,0.442,1.79,875.1672,0
"2023-01-22 23:20:00",328,10.53,0,0.081,0,0,3.994,19.16,19.36,18.72,0.16,55.81,57.28,55.03,0.603,1.878,2.45,0.95,0.383,1.96,875.1176,0
"2023-01-22 23:30:00",329,10.53,0,0.1,0,0,3.994,19.05,19.43,18.65,0.181,55.87,57.42,54.76,0.712,1.905,2.45,0.95,0.359,1.936,875.1425,0
"2023-01-22 23:40:00",330,10.52,0,0.05,0,0,3.994,19.34,19.57,19.09,0.104,54.24,55.51,53.47,0.429,1.394,2.45,0,0.424,1.936,875.2161,0
"2023-01-22 23:50:00",331,10.51,0,0.008,0,0,3.994,19.33,19.6,18.82,0.18,54.58,56.5,53.71,0.762,1.247,2.45,0,0.623,1.911,875.2158,0
"2023-01-23 00:00:00",332,10.48,0,0.007,0,0,3.994,18.86,19.19,18.37,0.182,56.28,57.93,55.27,0.728,1.845,2.45,0.95,0.367,1.863,875.1918,0
"2023-01-23 00:10:00",333,10.42,0,0.025,0,0,3.994,18.63,18.99,18.27,0.221,56.85,58.51,55.58,0.944,1.651,2.45,0.95,0.298,1.911,875.2324,0
"2023-01-23 00:20:00",334,10.39,0,0.033,0,0,3.994,18.75,18.99,18.31,0.177,56.59,58.37,55.58,0.731,1.695,2.45,0.95,0.306,1.911,875.2324,0
"2023-01-23 00:30:00",335,10.37,0,0.004,0,0,3.994,18.03,18.41,17.73,0.155,59.39,60.76,58.14,0.62,1.766,2.45,0.95,0.363,1.839,875.2734,0
"2023-01-23 00:40:00",336,10.36,0,0.001,0,0,3.994,17.78,18.24,17.39,0.213,60.6,61.82,58.89,0.812,2.166,3.2,0.95,0.401,1.839,875.3879,0
"2023-01-23 00:50:00",337,10.35,0,0.021,0,0,3.994,17.64,17.83,17.42,0.071,60.84,61.54,60.45,0.243,2.289,3.2,0.95,0.481,1.839,875.3796,0
"2023-01-23 01:00:00",338,10.34,0,0.034,0,0,3.994,17.32,17.69,17.01,0.174,61.87,62.77,60.52,0.632,2.221,3.2,0.95,0.493,1.815,875.4205,0
"2023-01-23 01:10:00",339,10.33,0,0.028,0,0,3.994,17.21,17.56,16.88,0.157,62.58,63.45,61.31,0.568,2.374,3.95,0.95,0.527,1.839,875.5336,0
"2023-01-23 01:20:00",340,10.32,0,0.2,0,0,3.994,17.67,18.17,17.22,0.281,60.73,62.26,58.95,1.083,2.639,3.95,0.95,0.461,1.815,875.5654,0
"2023-01-23 01:30:00",341,10.31,0,0.05,0,0,3.994,17.28,17.46,17.05,0.072,61.99,62.47,61.38,0.273,2.98,4.7,1.7,0.55,1.815,875.7269,0
"2023-01-23 01:40:00",342,10.32,0,0.006,0,0,3.994,17.21,17.39,17.01,0.067,62.26,62.77,61.72,0.243,2.54,3.95,1.7,0.482,1.79,875.7158,0
"2023-01-23 01:50:00",343,10.32,0,0.013,0,0,3.994,17.1,17.25,16.94,0.058,62.7,63.11,62.29,0.192,2.855,3.95,1.7,0.506,1.815,875.6443,0
"2023-01-23 02:00:00",344,10.31,0,0.028,0,0,3.994,17.03,17.25,16.84,0.094,62.95,63.52,62.19,0.352,2.603,3.95,0.95,0.706,1.621,875.6241,0
"2023-01-23 02:10:00",345,10.29,0,0.049,0,0,3.994,16.89,17.05,16.71,0.069,63.48,63.93,62.81,0.239,2.241,3.95,0,0.674,1.742,875.5992,0
"2023-01-23 02:20:00",346,10.28,0,0.066,0,0,3.994,16.95,17.09,16.81,0.05,63.13,63.42,62.74,0.137,2.63,3.95,0.95,0.546,1.742,875.6843,0
"2023-01-23 02:30:00",347,10.24,0,0.001,0,0,3.994,16.62,16.95,16.37,0.134,64.41,65.06,63.25,0.499,2.007,3.2,0,0.509,1.766,875.5903,0
"2023-01-23 02:40:00",348,10.29,0,0.003,0,0,3.994,16.44,16.64,16.27,0.066,65.04,65.54,64.51,0.222,2.184,3.2,0.95,0.447,1.597,875.6255,0
"2023-01-23 02:50:00",349,10.28,0,0.004,0,0,3.994,16.35,16.54,16.17,0.07,65.33,65.88,64.82,0.265,2.059,3.2,0,0.469,1.742,875.611,0
"2023-01-23 03:00:00",350,10.27,0,0,0,0,3.994,16.19,16.44,16.03,0.083,65.88,66.29,65.1,0.251,2.238,3.2,0.95,0.42,1.742,875.6173,0
"2023-01-23 03:10:00",351,10.27,0,0.079,0,0,3.995,16.12,16.37,15.93,0.084,65.92,66.46,64.86,0.361,2.486,3.95,0.95,0.526,1.67,875.6224,0
"2023-01-23 03:20:00",352,10.26,0,0.301,0,0,3.994,16.49,16.75,16.24,0.111,64.4,65.1,63.67,0.375,3.154,4.7,1.7,0.602,1.742,875.6184,0
"2023-01-23 03:30:00",353,10.25,0,0.136,0,0,3.994,16.7,16.85,16.54,0.044,63.69,64.01,63.43,0.1,2.935,4.7,1.7,0.528,1.67,875.6178,0
"2023-01-23 03:40:00",354,10.25,0,0.013,0,0,3.994,16.56,16.75,16.34,0.088,64.26,64.89,63.74,0.333,2.459,3.2,0.95,0.536,1.718,875.6193,0
"2023-01-23 03:50:00",355,10.24,0,0.012,0,0,3.994,16.42,16.58,16.24,0.052,64.68,65.03,64.35,0.124,2.901,4.7,1.7,0.598,1.694,875.7159,0
"2023-01-23 04:00:00",356,10.24,0,0.029,0,0,3.994,16.39,16.54,16.24,0.06,64.61,65.06,64.14,0.225,2.509,3.2,1.7,0.384,1.67,875.7811,0
"2023-01-23 04:10:00",357,10.23,0,0.079,0,0,3.995,16.49,16.68,16.27,0.094,64.08,64.72,63.5,0.328,2.585,3.2,1.7,0.366,1.67,875.7844,0
"2023-01-23 04:20:00",358,10.23,0,0.001,0,0,3.995,16.12,16.44,15.9,0.122,65.52,66.12,64.49,0.468,2.705,4.7,1.7,0.524,1.694,875.7841,0
"2023-01-23 04:30:00",359,10.22,0,0.002,0,0,3.995,15.94,16.07,15.79,0.05,66.23,66.53,65.85,0.163,2.598,3.95,0.95,0.548,1.549,875.8187,0
"2023-01-23 04:40:00",360,10.22,0,0.002,0,0,3.995,15.88,16.03,15.76,0.048,66.52,66.9,66.12,0.156,2.114,3.2,0.95,0.427,1.67,875.8178,0
"2023-01-23 04:50:00",361,10.22,0,0.037,0,0,3.995,15.94,16.13,15.76,0.071,66.27,66.9,65.58,0.28,2.266,3.2,0.95,0.398,1.67,875.9169,0
"2023-01-23 05:00:00",362,10.21,0,0.035,0,0,3.995,16.07,16.24,15.9,0.076,65.76,66.39,65.24,0.303,1.81,3.2,0,0.58,1.67,875.9506,0
"2023-01-23 05:10:00",363,10.2,0,0,0,0,3.995,15.69,16,15.39,0.147,67.43,68.58,66.22,0.622,1.528,2.45,0,0.378,1.646,875.9674,0
"2023-01-23 05:20:00",364,10.19,0,0,0,0,3.995,15.39,15.52,15.25,0.05,68.87,69.36,68.4,0.188,1.526,2.45,0.95,0.334,1.621,876.1144,0
"2023-01-23 05:30:00",365,10.18,0,0.004,0,0,3.995,15.23,15.39,15.08,0.052,69.63,69.94,69.19,0.159,1.801,2.45,0,0.401,1.646,876.2128,0
"2023-01-23 05:40:00",366,10.17,0,0.016,0,0,3.995,15.23,15.39,15.01,0.062,69.67,70.14,69.22,0.235,2.004,2.45,1.7,0.368,1.597,876.2779,0
"2023-01-23 05:50:00",367,10.16,0,0.003,0,0,3.995,15.11,15.21,14.98,0.041,70.25,70.48,69.97,0.085,1.851,2.45,0.95,0.373,1.621,876.2779,0
"2023-01-23 06:00:00",368,10.16,0,0,0,0,3.995,14.96,15.18,14.81,0.075,70.94,71.4,70.31,0.282,1.62,2.45,0.95,0.32,1.597,876.3682,0
"2023-01-23 06:10:00",369,10.12,0,0.014,0,0,3.995,14.8,15.01,14.67,0.062,71.63,71.98,71.13,0.214,1.834,2.45,0.95,0.297,1.597,876.54,0
"2023-01-23 06:20:00",370,10.11,0,0.113,0,0,3.995,15.02,15.15,14.81,0.066,70.75,71.3,70.38,0.247,2.185,3.2,1.7,0.4,1.573,876.6135,0
"2023-01-23 06:30:00",371,10.09,0,0.077,0,0,3.995,15.04,15.25,14.84,0.081,70.66,71.2,70.01,0.329,2.514,3.2,0.95,0.429,1.573,876.8182,0
"2023-01-23 06:40:00",372,10.09,0,0,0,0,3.995,14.72,15.15,14.43,0.18,71.95,72.84,70.48,0.695,2.101,3.2,0.95,0.384,1.573,876.9323,0
"2023-01-23 06:50:00",373,10.06,0,0.226,0,0,3.995,14.93,15.42,14.5,0.271,70.93,72.39,69.26,1.129,2.634,3.2,1.7,0.376,1.549,877.0254,0
"2023-01-23 07:00:00",374,10.04,0,0.122,0,0,3.995,15.2,15.42,14.98,0.1,69.87,70.52,69.22,0.351,2.395,3.2,1.7,0.358,1.549,877.1547,0
"2023-01-23 07:10:00",375,10.04,0.311,0.007,0.082,0.024,3.995,14.85,15.08,14.67,0.083,71.32,71.81,70.45,0.343,2.389,3.95,0.95,0.445,1.597,877.2764,0
"2023-01-23 07:20:00",376,10.02,4.718,0.058,3.661,3.953,4.001,14.73,14.84,14.6,0.046,71.64,71.95,71.3,0.131,2.729,3.95,1.7,0.418,1.597,877.4233,0
"2023-01-23 07:30:00",377,10.02,16.66,51.61,11.71,24.94,4.022,14.73,14.87,14.64,0.043,71.63,72.12,71.3,0.184,2.55,3.95,1.7,0.434,1.573,877.5544,0
"2023-01-23 07:40:00",378,10.07,40.18,185.3,20.88,66.55,4.05,14.79,15.04,14.64,0.08,71.8,72.12,71.2,0.192,2.153,3.2,0.95,0.447,1.573,877.6771,0
"2023-01-23 07:50:00",379,10.18,65.88,276.7,29.48,108.2,4.089,15.07,15.35,14.87,0.103,71.11,71.44,70.38,0.264,1.798,2.45,0,0.412,1.597,877.7998,0
"2023-01-23 08:00:00",380,10.35,97.8,357.6,37.39,153.6,4.142,15.75,16.31,15.25,0.246,69.02,70.52,67.38,0.801,1.595,2.45,0.95,0.3,1.597,877.9141,0
"2023-01-23 08:10:00",381,10.6,134.4,431.4,44.71,201.3,4.212,16.54,16.99,16.13,0.216,66.45,67.55,65.13,0.694,1.56,2.45,0.95,0.308,1.646,878.0289,0
"2023-01-23 08:20:00",382,10.82,170.9,495.4,50.44,249.9,4.302,17.18,17.6,16.78,0.176,64.49,65.34,63.57,0.467,1.496,2.45,0.95,0.342,1.694,878.1925,0
"2023-01-23 08:30:00",383,10.91,207.6,543.9,55.76,288.3,4.411,17.72,18.01,17.43,0.123,63.23,63.77,62.64,0.284,0.871,1.7,0,0.558,1.742,878.231,0
"2023-01-23 08:40:00",384,10.97,244.2,585.8,60.54,340.1,4.543,18.26,18.78,17.87,0.239,61.99,62.98,60.69,0.629,0.137,1.7,0,0.337,1.79,878.3569,0
"2023-01-23 08:50:00",385,11.01,283.9,631.4,64.48,387.6,4.701,19.08,19.64,18.68,0.243,60.27,61,59.02,0.513,0.133,1.7,0,0.345,1.79,878.4592,0
"2023-01-23 09:00:00",386,11.06,323.9,672.2,67.26,435,4.883,20.15,20.76,19.47,0.34,58.56,59.26,57.25,0.446,0.27,1.7,0,0.489,1.863,878.5046,0
"2023-01-23 09:10:00",387,11.14,362.5,701,70.62,479.5,5.084,21,21.54,20.62,0.264,56.79,57.62,55.51,0.614,0.735,2.45,0,0.663,1.936,878.5041,0
"2023-01-23 09:20:00",388,13.22,396,712,74.35,516.3,5.293,21.68,22.02,21.37,0.149,55.1,56.19,54.05,0.49,1.035,3.2,0,0.764,2.008,878.537,0
"2023-01-23 09:30:00",389,13.19,436.3,743,76.89,563.6,5.547,21.89,22.12,21.51,0.173,54.8,55.82,54.21,0.397,1.376,2.45,0,0.522,2.129,878.5977,0
"2023-01-23 09:40:00",390,13.16,470.3,763.1,79.8,603.3,5.816,22.62,23.14,21.95,0.291,53.29,54.9,52.24,0.664,0.725,2.45,0,0.706,2.202,878.6512,0
"2023-01-23 09:50:00",391,13.13,508.3,789.6,81.5,646,6.115,22.68,23.07,22.15,0.271,54.22,55.75,52.78,0.965,0.809,2.45,0,0.639,2.226,878.6254,0
"2023-01-23 10:00:00",392,13.12,541.3,807,84.2,682.7,6.416,23.09,23.48,22.49,0.209,53.28,55.1,52,0.716,0.854,2.45,0,0.646,2.323,878.5787,0
"2023-01-23 10:10:00",393,13.11,563.1,800,87.1,706,6.672,23.83,24.33,23,0.375,51.01,53.46,49.41,1.045,0.822,3.2,0,0.811,2.347,878.4521,0
"2023-01-23 10:20:00",394,13.09,595.7,810,91.5,740.8,6.973,24.26,24.6,23.71,0.216,49.56,51.14,48.35,0.652,0.751,3.2,0,0.807,2.395,878.4536,0
"2023-01-23 10:30:00",395,13.07,623.2,819,94.5,770.1,7.278,25.36,26.13,24.33,0.448,46.82,49.34,44.7,1.126,0.633,3.2,0,0.765,2.467,878.473,0
"2023-01-23 10:40:00",396,13.06,650.9,823,96.6,795.1,7.554,24.64,25.35,24.15,0.202,48.63,49.64,47.02,0.438,1.145,3.2,0,0.685,2.612,878.4018,0
"2023-01-23 10:50:00",397,13.05,680.2,838,98.1,829,7.864,24.3,24.66,23.88,0.155,49.39,50.39,48.38,0.407,1.433,3.95,0,0.927,2.54,878.2786,0
"2023-01-23 11:00:00",398,13.05,707,846,99.6,857,8.18,23.56,24.15,22.82,0.42,50.96,52.8,49.3,1.14,1.387,3.2,0,0.658,2.54,878.2133,0
"2023-01-23 11:10:00",399,13.04,729.5,853,103.3,880,8.48,23.8,24.46,22.79,0.465,50.71,52.84,48.99,1.07,1.347,3.95,0,1.084,2.661,878.0836,0
"2023-01-23 11:20:00",400,13.03,750.8,865,103.1,903,8.79,24.61,25.65,23.84,0.612,48.81,50.59,46.3,1.315,0.858,2.45,0,0.708,2.685,877.9128,0
"2023-01-23 11:30:00",401,13.02,770.4,867,105.1,921,9.03,24.96,25.65,24.01,0.554,48.18,50.59,46.23,1.414,1.967,4.7,0,1.061,2.685,877.8038,0
"2023-01-23 11:40:00",402,13.02,787.3,873,106.8,941,9.27,25.06,25.58,24.42,0.328,47.47,49.3,46.43,0.66,0.843,3.2,0,0.861,2.757,877.7233,0
"2023-01-23 11:50:00",403,13.02,805,880,108.8,959,9.49,25.73,25.99,25.34,0.116,45.99,46.88,45.04,0.453,1.718,3.95,0,0.944,2.83,877.5293,0
"2023-01-23 12:00:00",404,13.01,812,872,111.7,966,9.56,25.11,25.54,24.66,0.212,47.23,48.61,46.19,0.519,1.178,3.95,0,0.894,2.757,877.303,0
"2023-01-23 12:10:00",405,13,802,837,120.4,952,9.4,25.68,26.09,25.07,0.261,45.73,47.01,44.69,0.569,1.114,3.2,0,0.688,2.757,877.129,0
"2023-01-23 12:20:00",406,13,824,833,134.9,972,9.47,25.28,26.33,24.62,0.541,46.65,48.41,44.22,1.258,2.511,4.7,0,1.058,2.83,876.9004,0
"2023-01-23 12:30:00",407,13.01,805,821,128.8,950,9.44,25.52,26.26,24.9,0.376,45.69,47.39,43.81,0.929,1.185,3.2,0,0.899,2.806,876.6603,0
"2023-01-23 12:40:00",408,13,811,832,123.5,956,9.58,25.91,26.26,25.47,0.198,44.17,45.51,42.85,0.763,1.293,3.95,0,0.988,2.83,876.4568,0
"2023-01-23 12:50:00",409,13,803,832,117.9,948,9.53,26.58,27.08,25.95,0.313,41.38,43.13,39.93,1.003,0.494,1.7,0,0.553,2.975,876.2527,0
"2023-01-23 13:00:00",410,13,814,830,125.2,958,9.57,25.88,26.67,25.44,0.287,42.67,44.69,40.5,0.875,1.975,3.95,0,0.674,2.902,876.0536,0
"2023-01-23 13:10:00",411,12.99,852,865,132.8,1004,9.94,26.01,26.77,25.2,0.489,41.99,43.47,40.37,0.912,2.153,4.7,0,1.025,2.854,875.9058,0
"2023-01-23 13:20:00",412,13,840,838,146.3,990,9.58,27.22,27.62,26.63,0.264,39.44,40.91,38.46,0.504,1.257,3.95,0,0.903,2.927,875.7562,0
"2023-01-23 13:30:00",413,13,864,861,160.1,1013,9.74,27.76,28.2,27.28,0.231,37.7,39.07,36.42,0.607,0.816,3.2,0,0.893,2.781,875.6149,0
"2023-01-23 13:40:00",414,13,787.7,740.7,174,919,9.28,28.22,28.71,27.72,0.207,36.2,37.1,35.09,0.487,1.414,3.95,0,0.783,2.999,875.5889,0
"2023-01-23 13:50:00",415,12.99,584.9,424.8,197.2,665.1,8.58,26.53,27.76,25.78,0.507,39.69,41.42,36.76,1.051,2.665,5.45,0,0.983,2.902,875.5379,0
"2023-01-23 14:00:00",416,12.98,365.3,186.8,174.3,413.6,7.697,26.02,26.7,25.44,0.314,40.17,41.22,38.32,0.641,2.161,4.7,0,1.14,3.023,875.2459,0
"2023-01-23 14:10:00",417,12.99,254.5,38.33,178.7,285.1,7.339,25.88,26.05,25.65,0.072,40.41,40.81,39.96,0.195,1.171,3.2,0,0.875,2.902,874.9416,0
"2023-01-23 14:20:00",418,12.99,297.6,125.5,159.5,338.5,7.272,26.3,26.5,25.92,0.111,38.66,40.2,36.52,1.07,1.449,3.95,0,0.963,2.902,874.652,0
"2023-01-23 14:30:00",419,12.97,284.8,115.4,163.9,323.1,7.157,26.34,26.67,25.85,0.193,38.09,39.11,37.2,0.475,2.199,4.7,0,1.088,2.806,874.4568,0
"2023-01-23 14:40:00",420,12.97,177.8,0.471,152.8,194,6.584,26.19,26.47,25.89,0.16,37.08,39.18,36.35,0.499,1.374,4.7,0,1.163,2.758,874.3199,0
"2023-01-23 14:50:00",421,12.95,160.3,0.175,137.3,178.5,6.384,25.97,26.4,25.72,0.149,37.36,38.29,36.18,0.509,1.549,3.95,0,0.749,2.709,874.2216,0
"2023-01-23 15:00:00",422,12.96,168.7,24.99,115.5,196,6.414,25.97,26.27,25.75,0.123,39.12,39.9,36.08,0.73,1.238,4.7,0,1.016,2.733,874.0295,0
"2023-01-23 15:10:00",423,13.04,590.5,694.5,127.8,718.3,7.385,27.34,28.55,26.06,0.762,33.99,37.34,32.57,1.083,1.033,3.95,0,1.048,2.685,873.8809,0
"2023-01-23 15:20:00",424,13.05,666.9,866,121.8,815,7.438,28.35,28.65,28.04,0.124,33.07,34.17,32.4,0.333,3.356,6.2,0,0.988,2.709,873.8496,0
"2023-01-23 15:30:00",425,13.04,628.9,864,109.9,772.8,7.115,29.17,29.74,28.21,0.421,31.95,33.42,30.7,0.617,1.866,5.45,0,1.044,2.733,873.8713,0
"2023-01-23 15:40:00",426,13.02,588.9,857,98.9,729,6.781,29.56,29.94,29.19,0.182,30.72,31.62,29.09,0.634,1.794,3.95,0,0.963,2.806,873.9222,0
"2023-01-23 15:50:00",427,13.02,539.9,831,85,677.1,6.404,29.35,30.21,28.41,0.543,29.81,31.07,28.45,0.776,2.462,4.7,0,0.977,2.878,873.9508,0
"2023-01-23 16:00:00",428,13,455,708,81.3,571.7,6.014,27.93,28.51,27.42,0.261,31.2,31.96,30.39,0.319,2.381,5.45,0,1.156,2.927,873.9145,0
"2023-01-23 16:10:00",429,13,454.2,766.6,76.83,579.9,5.785,28.51,29.02,27.96,0.316,31.47,32.91,30.15,0.749,3.049,6.2,0,1.491,2.83,873.9102,0
"2023-01-23 16:20:00",430,13.01,388.1,675.4,73.75,498.6,5.488,28.29,28.71,27.79,0.223,32.48,33.59,31.68,0.47,2.588,6.2,0,1.386,2.854,873.9634,0
"2023-01-23 16:30:00",431,13.01,359.4,665.6,71.32,468.8,5.246,29.05,29.43,28.64,0.166,31.3,31.82,30.8,0.277,0.953,3.2,0,0.693,2.757,873.9618,0
"2023-01-23 16:40:00",432,13.01,367.1,733.9,79.5,481.8,5.072,29.23,29.8,28.51,0.348,31.24,32.33,30.25,0.498,2.603,6.2,0,1.723,2.854,873.9642,0
"2023-01-23 16:50:00",433,13.01,318.5,704.6,68.24,426.3,4.867,28.67,29.09,28.37,0.175,31.82,32.47,31.17,0.309,1.666,4.7,0,1.21,2.854,873.9714,0
"2023-01-23 17:00:00",434,13,273.2,665.8,62.03,373.5,4.677,29.66,29.97,28.99,0.243,30.48,31.44,29.91,0.345,0.469,2.45,0,0.638,2.806,873.9658,0
"2023-01-23 17:10:00",435,12.9,234.7,630.7,54.71,327.2,4.527,28.87,29.53,27.96,0.312,31.34,32.26,30.73,0.243,1.753,3.95,0,1.035,2.951,873.9698,0
"2023-01-23 17:20:00",436,12.83,198.1,587.3,51.09,284.2,4.397,27.7,28,27.42,0.119,33.04,33.66,32.16,0.513,2.684,6.2,0,1.226,2.902,873.9532,0
"2023-01-23 17:30:00",437,12.79,158.7,531.6,45.97,234.8,4.289,27.83,28.03,27.62,0.072,33.31,33.73,32.84,0.176,2.128,5.45,0,1.008,2.854,873.8237,0
"2023-01-23 17:40:00",438,12.75,121.9,466.4,40.32,187.4,4.2,27.57,27.9,27.25,0.141,34.25,35.36,33.15,0.558,2.663,4.7,0,0.94,2.83,873.722,0
"2023-01-23 17:50:00",439,12.73,87.4,392.4,33.85,142.1,4.132,27.53,27.73,27.28,0.092,35.29,35.7,34.65,0.223,1.634,3.95,0,1.006,2.83,873.6841,0
"2023-01-23 18:00:00",440,12.71,56.11,297.9,25.31,94.6,4.081,27.61,27.76,27.25,0.096,35.9,36.59,35.09,0.296,0.891,3.2,0,0.891,2.782,873.6638,0
"2023-01-23 18:10:00",441,12.68,29.05,139.4,16.96,45.31,4.042,26.87,27.39,26.33,0.253,37.27,38.4,36.42,0.452,2.322,4.7,0,0.883,2.709,873.6944,0
"2023-01-23 18:20:00",442,12.66,10.28,2.368,7.743,9.11,4.017,26.14,26.5,25.86,0.136,38.94,39.73,38.12,0.36,1.953,3.2,0.95,0.56,2.709,873.8865,0
