"TOA5","Esolmet_CR6_IP","CR6","9884","CR6.Std.12.01","CPU:20230531_Esolmet_CR6.CR6","58573","Table3_1min"
"TIMESTAMP","RECORD","BattV","PTemp_C","I_glo_Avg","I_dir_Avg","I_dif_Avg","I_glo_inc_Avg","I_uv_Avg","Indice_UV_1","Indice_UV_2","I_UVA_Avg","AirTC_Avg","AirTC_Max","AirTC_Min","AirTC_Std","RH","RH_Max","RH_Min","WS_ms_Avg","WS_ms_Max","WS_ms_Min","WS_ms_Std","WindDir","CS106_PB_Avg","Rain_mm_Tot"
"TS","RN","Volts","Deg C","W/m2","W/m2","W/m2","W/m2","W/m2","I-UV","MED/hr","W/m2","Deg C","Deg C","Deg C","Deg C","%","%","%","meters/second","meters/second","meters/second","meters/second","degrees","mbar","mm"
"","","Smp","Smp","Avg","Avg","Avg","Avg","Avg","Smp","Smp","Avg","Avg","Max","Min","Std","Smp","Max","Min","Avg","Max","Min","Std","Smp","Avg","Tot"
"2023-05-31 18:59:00",0,10.64,30.37,9.66,21.71,7.391,6.752,0,0.018,0.008,0.367,27.78,27.78,27.77,0.002,60.18,60.18,60.1,0,0,0,0,336.6,641.4001,0
"2023-05-31 19:00:00",1,10.65,30.33,9.26,0,7.02,6.398,0,0.017,0.007,0.342,27.73,27.74,27.72,0.006,60.46,60.46,60.13,0,0,0,0,344.7,641.4001,0
"2023-05-31 19:01:00",2,10.66,30.3,8.83,2.945,6.603,5.985,0,0.018,0.008,0.314,27.71,27.72,27.71,0.006,60.42,60.42,60.35,0,0,0,0,319.1,641.3997,0
"2023-05-31 19:02:00",3,10.66,30.26,8.46,3.643,6.262,5.59,0,0.018,0.008,0.293,27.69,27.7,27.68,0.009,60.81,60.81,60.52,0,0,0,0,322.8,641.4001,0
"2023-05-31 19:03:00",4,10.65,30.22,8.02,7.574,5.952,5.082,0,0.016,0.007,0.274,27.65,27.66,27.64,0.014,60.45,60.63,60.45,0,0,0,0,346.9,641.3999,0
"2023-05-31 19:04:00",5,10.65,30.19,7.691,11.09,5.771,4.784,0,0.015,0.007,0.25,27.62,27.63,27.62,0.001,60.66,60.93,60.66,0,0,0,0,331.6,641.3998,0
"2023-05-31 19:05:00",6,10.65,30.15,7.507,14.83,5.642,4.56,0,0.015,0.006,0.228,27.59,27.6,27.57,0.013,61.19,61.19,61.02,0,0,0,0,336.8,641.3998,0
"2023-05-31 19:06:00",7,10.65,30.12,7.568,3.816,5.653,4.547,0,0.015,0.007,0.211,27.53,27.53,27.52,0.005,61.29,61.29,61.08,0,0,0,0,334.4,641.4005,0
"2023-05-31 19:07:00",8,10.65,30.08,7.638,7.323,5.774,4.691,0,0.015,0.007,0.195,27.54,27.54,27.53,0.005,61.1,61.1,60.75,0,0,0,0,316.3,641.4,0
"2023-05-31 19:08:00",9,10.66,30.05,7.777,0,5.98,4.888,0,0.014,0.006,0.178,27.53,27.53,27.53,0.002,61.09,61.21,61.09,0,0,0,0,326.5,641.3995,0
"2023-05-31 19:09:00",10,10.65,30.02,8.17,3.627,6.382,5.166,0,0.013,0.005,0.16,27.5,27.5,27.5,0,61.05,61.05,61.05,0,0,0,0,326.3,641.4002,0
"2023-05-31 19:10:00",11,10.65,29.99,8.34,0,6.704,5.42,0,0.014,0.006,0.151,27.53,27.53,27.52,0.007,60.98,60.98,60.79,0,0,0,0,325.8,641.4002,0
"2023-05-31 19:11:00",12,10.65,29.95,8.9,7.201,7.227,5.955,0,0.013,0.006,0.139,27.53,27.54,27.51,0.012,60.4,60.76,60.4,0,0,0,0,317.4,641.4007,0
"2023-05-31 19:12:00",13,10.65,29.92,9.32,0.001,7.683,6.449,0,0.013,0.005,0.129,27.58,27.59,27.57,0.01,60.3,60.44,60.3,0,0,0,0,323.3,641.4007,0
"2023-05-31 19:13:00",14,10.65,29.88,9.72,12.87,8,6.929,0,0.013,0.005,0.12,27.6,27.61,27.59,0.007,60.16,60.36,60.16,0,0,0,0,331.4,641.4003,0
"2023-05-31 19:14:00",15,10.66,29.85,9.97,24.79,8.11,7.172,0,0.012,0.005,0.108,27.61,27.62,27.61,0.005,60.59,60.59,60.36,0,0,0,0,334.4,641.4004,0
"2023-05-31 19:15:00",16,10.66,29.82,9.81,13.9,7.905,6.999,0,0.011,0.005,0.093,27.6,27.61,27.6,0.005,60.16,60.44,60.16,0,0,0,0,315.4,641.3999,0
"2023-05-31 19:16:00",17,10.66,29.79,9,0,7.137,6.363,0,0.013,0.005,0.083,27.59,27.59,27.59,0.003,60.45,60.67,60.45,0,0,0,0,327.7,641.4003,0
"2023-05-31 19:17:00",18,10.65,29.75,7.211,0,5.631,4.569,0,0.011,0.005,0.073,27.59,27.6,27.59,0.004,60.17,60.17,60.13,0,0,0,0,327.1,641.3997,0
"2023-05-31 19:18:00",19,10.64,29.72,4.893,0,3.726,2.559,0,0.011,0.005,0.058,27.56,27.57,27.55,0.008,60.58,60.58,60.51,0,0,0,0,321.1,641.3994,0
"2023-05-31 19:19:00",20,10.65,29.69,2.641,2.029,1.804,0.455,0,0.011,0.005,0.047,27.51,27.54,27.49,0.021,60.72,60.98,60.72,0,0,0,0,322.1,641.3999,0
"2023-05-31 19:20:00",21,10.64,29.67,0.937,3.795,0.305,0,0,0.01,0.004,0.036,27.48,27.48,27.48,0.001,60.98,60.98,60.66,0,0,0,0,325,641.3995,0
"2023-05-31 19:21:00",22,10.65,29.64,0.029,0,0,0,0,0.01,0.004,0.03,27.47,27.48,27.47,0.009,61.07,61.07,60.9,0,0,0,0,321.6,641.4,0
"2023-05-31 19:22:00",23,10.65,29.61,0,3.372,0,0,0,0.011,0.005,0.021,27.44,27.45,27.43,0.01,60.53,61.46,60.53,0,0,0,0,322.5,641.4001,0
"2023-05-31 19:23:00",24,10.66,29.58,0,0,0,0,0,0.009,0.004,0.02,27.42,27.43,27.41,0.009,60.76,61.13,60.76,0,0,0,0,311.3,641.3999,0
"2023-05-31 19:24:00",25,10.65,29.55,0,1.627,0,0,0,0.011,0.005,0.014,27.43,27.44,27.43,0.003,61.08,61.08,60.59,0,0,0,0,320,641.4001,0
"2023-05-31 19:25:00",26,10.65,29.52,0,0,0,0,0,0.011,0.005,0.012,27.4,27.41,27.4,0.005,61.17,61.34,61.17,0,0,0,0,321.5,641.3999,0
"2023-05-31 19:26:00",27,10.64,29.49,0,0,0,0,0,0.01,0.004,0.007,27.38,27.4,27.36,0.022,61.41,61.41,61.05,0,0,0,0,325.4,641.3998,0
"2023-05-31 19:27:00",28,10.65,29.47,0,0,0,0,0,0.008,0.003,0.009,27.36,27.36,27.35,0.004,61.21,61.23,61.21,0,0,0,0,323.2,641.4002,0
"2023-05-31 19:28:00",29,10.65,29.44,0,1.074,0,0,0,0.01,0.004,0.004,27.33,27.34,27.33,0.005,61.48,61.5,61.48,0,0,0,0,317,641.4001,0
"2023-05-31 19:29:00",30,10.66,29.41,0,0,0,0,0,0.011,0.005,0.005,27.3,27.33,27.27,0.028,60.99,61.57,60.99,0,0,0,0,320.8,641.3999,0
"2023-05-31 19:30:00",31,10.65,29.39,0,4.217,0,0,0,0.01,0.004,0.001,27.27,27.27,27.27,0,61.18,61.18,61.18,0,0,0,0,324.9,641.4,0
"2023-05-31 19:31:00",32,10.64,29.37,0,0,0,0,0,0.012,0.005,0,27.28,27.28,27.27,0.002,61.16,61.16,61.04,0,0,0,0,313.1,641.4001,0
"2023-05-31 19:32:00",33,10.66,29.34,0,0,0,0,0,0.011,0.005,0.001,27.26,27.29,27.24,0.024,61.19,61.19,60.77,0,0,0,0,322.9,641.4,0
"2023-05-31 19:33:00",34,10.65,29.31,0,0,0,0,0,0.01,0.004,0.002,27.21,27.23,27.19,0.017,61.55,61.55,61.55,0,0,0,0,320.4,641.4005,0
"2023-05-31 19:34:00",35,10.65,29.28,0,8.57,0,0,0,0.011,0.005,0.002,27.15,27.15,27.15,0.002,61.22,61.91,61.22,0,0,0,0,328.7,641.4003,0
"2023-05-31 19:35:00",36,10.66,29.25,0,5.314,0,0,0,0.011,0.005,0.002,27.16,27.17,27.15,0.012,61.31,61.64,61.31,0,0,0,0,287.1,641.4001,0
"2023-05-31 19:36:00",37,10.65,29.22,0,11.8,0,0,0,0.01,0.004,0,27.14,27.15,27.13,0.007,61.8,61.8,61.74,0,0,0,0,324.6,641.4002,0
"2023-05-31 19:37:00",38,10.66,29.19,0,0,0,0,0,0.01,0.004,0.001,27.09,27.1,27.08,0.009,61.45,61.48,61.45,0,0,0,0,325.1,641.3998,0
"2023-05-31 19:38:00",39,10.65,29.16,0,0,0,0,0,0.011,0.005,0,27.08,27.09,27.07,0.012,61.23,61.23,61.09,0,0,0,0,325.6,641.4001,0
"2023-05-31 19:39:00",40,10.65,29.13,0,0,0,0,0,0.01,0.004,0,27.04,27.04,27.04,0.001,61.44,61.76,61.44,0,0,0,0,335.5,641.4001,0
"2023-05-31 19:40:00",41,10.66,29.11,0,10.87,0,0,0,0.01,0.004,0.001,27.01,27.02,27.01,0.003,61.51,61.63,61.51,0,0,0,0,328.3,641.4,0
"2023-05-31 19:41:00",42,10.65,29.09,0,0,0,0,0,0.011,0.005,0,26.99,27,26.98,0.01,61.85,61.85,61.65,0,0,0,0,322.7,641.4005,0
"2023-05-31 19:42:00",43,10.65,29.06,0,1.615,0,0,0,0.012,0.005,0.001,26.98,26.99,26.98,0.006,61.66,61.66,61.49,0,0,0,0,321.5,641.4001,0
"2023-05-31 19:43:00",44,10.62,29.03,0,0,0,0,0,0.011,0.005,0,26.96,26.97,26.94,0.013,61.42,61.68,61.42,0,0,0,0,321.3,641.3998,0
"2023-05-31 19:44:00",45,10.64,29.01,0,0,0,0,0,0.011,0.005,0,26.98,26.99,26.97,0.009,61.4,61.4,61.13,0,0,0,0,298.7,641.4,0
"2023-05-31 19:45:00",46,10.63,28.98,0,0,0,0,0,0.011,0.005,0.002,26.97,26.98,26.97,0.002,61.11,61.25,61.11,0,0,0,0,324.9,641.3999,0
"2023-05-31 19:46:00",47,10.63,28.95,0,21.6,0,0,0,0.012,0.005,0,26.98,26.98,26.97,0.007,61.06,61.42,61.06,0,0,0,0,320.5,641.4001,0
"2023-05-31 19:47:00",48,10.63,28.93,0,9.92,0,0,0,0.011,0.005,0.002,26.98,26.99,26.97,0.008,61.22,61.22,60.93,0,0,0,0,311.8,641.4,0
"2023-05-31 19:48:00",49,10.62,28.9,0,13.72,0,0,0,0.011,0.005,0,26.96,26.96,26.96,0,61.32,61.32,61.2,0,0,0,0,301,641.3998,0
"2023-05-31 19:49:00",50,10.61,28.88,0,12.14,0,0,0,0.01,0.004,0,26.97,26.98,26.95,0.016,61,61,61,0,0,0,0,319.1,641.4001,0
"2023-05-31 19:50:00",51,10.62,28.86,0,0,0,0,0,0.01,0.004,0,26.97,26.98,26.97,0.003,61.01,61.01,60.88,0,0,0,0,306.1,641.3998,0
"2023-05-31 19:51:00",52,10.58,28.83,0,0,0,0,0,0.01,0.004,0.002,27.01,27.01,27.01,0,60.6,60.6,60.6,0,0,0,0,309.5,641.4002,0
"2023-05-31 19:52:00",53,10.61,28.82,0,18.19,0,0,0,0.01,0.004,0.001,27.08,27.09,27.07,0.013,60.27,60.27,59.83,0,0,0,0,313.7,641.4001,0
"2023-05-31 19:53:00",54,10.6,28.79,0,0,0,0,0,0.01,0.004,0.001,27.08,27.09,27.07,0.011,59.89,60.5,59.89,0,0,0,0,308.3,641.3998,0
"2023-05-31 19:54:00",55,10.61,28.77,0,9.61,0,0,0,0.012,0.005,0,27.1,27.1,27.1,0.001,60.36,60.36,59.94,0,0,0,0,308.8,641.4002,0
"2023-05-31 19:55:00",56,10.61,28.74,0,16.67,0,0,0,0.01,0.004,0.001,27.09,27.11,27.06,0.029,60.51,60.51,59.89,0,0,0,0,285.6,641.4006,0
"2023-05-31 19:56:00",57,10.61,28.72,0,30.92,0,0,0,0.01,0.004,0.001,27.02,27.03,27.01,0.008,60.49,60.49,60.33,0,0,0,0,317.1,641.4006,0
"2023-05-31 19:57:00",58,10.62,28.7,0,1.26,0,0,0,0.01,0.004,0,27,27.01,26.98,0.017,60.35,60.46,60.35,0,0,0,0,349.8,641.4001,0
"2023-05-31 19:58:00",59,10.61,28.68,0,1.455,0,0,0,0.01,0.004,0,26.95,26.95,26.95,0.001,60.73,60.73,60.51,0,0,0,0,317.3,641.3995,0
"2023-05-31 19:59:00",60,10.6,28.65,0,0,0,0,0,0.01,0.004,0,26.93,26.93,26.93,0,60.8,60.86,60.8,0,0,0,0,316.8,641.4008,0
"2023-05-31 20:00:00",61,10.62,28.63,0,7.309,0,0,0,0.012,0.005,0.001,26.9,26.9,26.9,0.001,60.84,60.84,60.71,0,0,0,0,341.5,641.4,0
"2023-05-31 20:01:00",62,10.62,28.61,0,10.4,0,0,0,0.01,0.004,0,26.88,26.89,26.88,0.004,60.88,60.88,60.81,0,0,0,0,308.7,641.3999,0
"2023-05-31 20:02:00",63,10.58,28.6,0,0,0,0,0,0.011,0.005,0.001,26.86,26.87,26.86,0.004,60.89,60.89,60.68,0,0,0,0,314.9,641.4001,0
"2023-05-31 20:03:00",64,10.58,28.58,0,9.87,0,0,0,0.01,0.004,0.001,26.86,26.86,26.85,0.006,60.5,61.08,60.5,0,0,0,0,325.7,641.4002,0
"2023-05-31 20:04:00",65,10.57,28.56,0,24.2,0,0,0,0.01,0.004,0.001,26.85,26.85,26.85,0,60.32,60.66,60.32,0,0,0,0,331.1,641.4005,0
"2023-05-31 20:05:00",66,10.57,28.54,0,30.09,0,0,0,0.01,0.004,0,26.87,26.87,26.87,0.001,60.69,60.69,60.41,0,0,0,0,333.9,641.4001,0
"2023-05-31 20:06:00",67,10.57,28.52,0,28.17,0,0,0,0.012,0.005,0.001,26.86,26.87,26.85,0.008,61.19,61.19,60.8,0,0,0,0,350.9,641.4001,0
"2023-05-31 20:07:00",68,10.54,28.5,0,10.21,0,0,0,0.01,0.004,0,26.84,26.85,26.84,0.005,60.64,60.74,60.64,0,0,0,0,325.6,641.4001,0
"2023-05-31 20:08:00",69,10.54,28.49,0,0,0,0,0,0.01,0.004,0,26.84,26.85,26.84,0.007,61.07,61.07,60.68,0,0,0,0,337.3,641.3998,0
"2023-05-31 20:09:00",70,10.53,28.47,0,0,0,0,0,0.01,0.004,0.001,26.81,26.81,26.8,0.003,60.85,61.12,60.85,0,0,0,0,324.4,641.4005,0
"2023-05-31 20:10:00",71,10.5,28.45,0,3.566,0,0,0,0.011,0.005,0.001,26.79,26.8,26.78,0.008,61.32,61.32,61.07,0,0,0,0,329.4,641.4001,0
"2023-05-31 20:11:00",72,10.46,28.43,0,6.76,0,0,0,0.012,0.005,0,26.77,26.77,26.77,0.003,61.28,61.28,61.12,0,0,0,0,194.8,641.3998,0
"2023-05-31 20:13:00",73,10.42,28.4,0,15.91,0,0,0,0.01,0.005,0.001,26.74,26.74,26.73,0.009,61.49,61.49,61.46,0,0,0,0,349.7,641.4008,0
"2023-05-31 20:14:00",74,10.42,28.38,0,8.41,0,0,0,0.01,0.004,0.001,26.71,26.71,26.71,0.002,61.16,61.49,61.16,0,0,0,0,2.376,641.4,0
"2023-05-31 20:15:00",75,10.37,28.36,0,0,0,0,0,0.01,0.004,0.001,26.73,26.74,26.73,0.002,61.2,61.6,61.2,0,0,0,0,351.5,641.4003,0
"2023-05-31 20:16:00",76,10.38,28.34,0,6.599,0,0,0,0.011,0.005,0,26.73,26.74,26.72,0.009,61.35,61.36,61.35,0,0,0,0,346.8,641.4001,0
"2023-05-31 20:17:00",77,10.37,28.32,0,14.3,0,0,0,0.01,0.004,0.001,26.72,26.72,26.72,0.004,61.11,61.11,61.08,0,0,0,0,351.5,641.4,0
"2023-05-31 20:18:00",78,10.35,28.3,0,9.21,0,0,0,0.01,0.004,0.001,26.71,26.72,26.71,0.005,61.51,61.51,61.41,0,0,0,0,335.5,641.4007,0
"2023-05-31 20:19:00",79,10.34,28.28,0,27.16,0,0,0,0.01,0.004,0,26.69,26.69,26.68,0.005,61.28,61.28,61.22,0,0,0,0,4.538,641.4008,0
"2023-05-31 20:20:00",80,10.32,28.27,0,9.23,0,0,0,0.01,0.004,0.001,26.69,26.69,26.68,0.009,61.42,61.42,61.27,0,0,0,0,339.5,641.3995,0
"2023-05-31 20:21:00",81,10.3,28.25,0,11.08,0,0,0,0.012,0.005,0,26.67,26.67,26.67,0,61.49,61.49,61.44,0,0,0,0,348.5,641.4001,0
"2023-05-31 20:22:00",82,10.3,28.23,0,0,0,0,0,0.012,0.005,0.001,26.68,26.68,26.67,0.008,61.44,61.45,61.44,0,0,0,0,351.5,641.4001,0
"2023-05-31 20:23:00",83,10.29,28.22,0,22.04,0,0,0,0.011,0.005,0.002,26.67,26.67,26.67,0,61.41,61.41,61.41,0,0,0,0,10.2,641.4004,0
"2023-05-31 20:24:00",84,10.3,28.21,0,12.11,0,0,0,0.01,0.004,0,26.65,26.65,26.65,0.001,61.36,61.82,61.36,0,0,0,0,0.154,641.4,0
"2023-05-31 20:25:00",85,10.27,28.19,0,0,0,0,0,0.01,0.004,0,26.61,26.62,26.6,0.008,61.4,61.67,61.4,0,0,0,0,0.372,641.3998,0
"2023-05-31 20:26:00",86,10.26,28.17,0,0,0,0,0,0.01,0.004,0,26.63,26.63,26.62,0.004,61.38,61.85,61.38,0,0,0,0,336.2,641.4,0
"2023-05-31 20:27:00",87,10.27,28.15,0,8.2,0,0,0,0.011,0.005,0.001,26.62,26.62,26.61,0.005,61.81,61.81,61.8,0,0,0,0,0.154,641.4,0
"2023-05-31 20:28:00",88,10.22,28.13,0,0,0,0,0,0.01,0.004,0,26.61,26.61,26.6,0.004,62.01,62.01,61.94,0,0,0,0,15.2,641.399,0
"2023-05-31 20:29:00",89,10.22,28.12,0,0,0,0,0,0.011,0.005,0.001,26.61,26.62,26.61,0.001,62.46,62.53,62.46,0,0,0,0,0.144,641.3994,0
"2023-05-31 20:30:00",90,10.2,28.1,0,2.228,0,0,0,0.011,0.005,0.001,26.62,26.63,26.62,0.005,61.9,62.61,61.9,0,0,0,0,16.99,641.3999,0
"2023-05-31 20:31:00",91,10.19,28.08,0,9.88,0,0,0,0.01,0.004,0.001,26.63,26.64,26.62,0.007,61.46,61.48,61.46,0,0,0,0,21.75,641.4003,0
"2023-05-31 20:32:00",92,10.14,28.06,0,20.21,0,0,0,0.01,0.004,0,26.64,26.64,26.64,0,60.74,62.14,60.74,0,0,0,0,1.154,641.4003,0
"2023-05-31 20:33:00",93,10.15,28.04,0,7.723,0,0,0,0.012,0.005,0.001,26.68,26.69,26.68,0.006,60.88,61.04,60.88,0,0,0,0,13.06,641.4,0
"2023-05-31 20:34:00",94,10.09,28.03,0,3.429,0,0,0,0.01,0.004,0,26.68,26.69,26.68,0.005,61.08,61.08,60.95,0,0,0,0,328.4,641.3995,0
"2023-05-31 20:35:00",95,10.07,28.02,0,8.68,0,0,0,0.011,0.005,0,26.69,26.69,26.68,0.007,61.57,61.57,61.08,0,0,0,0,320.4,641.4006,0
"2023-05-31 20:36:00",96,10.06,28,0,6.006,0,0,0,0.01,0.004,0.001,26.67,26.67,26.66,0.004,61.67,61.67,61.59,0,0,0,0,320.4,641.4005,0
"2023-05-31 20:37:00",97,9.98,27.98,0,9.65,0,0,0,0.01,0.004,0,26.62,26.64,26.6,0.023,61.42,61.42,61.22,0,0,0,0,327.7,641.4001,0
"2023-05-31 20:38:00",98,9.98,27.96,0,9.31,0,0,0,0.01,0.004,0.001,26.57,26.58,26.57,0.001,61.14,61.14,61.06,0,0,0,0,328.6,641.399,0
"2023-05-31 20:39:00",99,9.93,27.94,0,7.359,0,0,0,0.01,0.004,0,26.59,26.6,26.58,0.008,60.99,60.99,60.97,0,0,0,0,332.3,641.4002,0
"2023-05-31 20:40:00",100,9.85,27.92,0,0,0,0,0,0.011,0.005,0,26.59,26.59,26.59,0.003,61.23,61.23,61.07,0,0,0,0,340,641.3998,0
"2023-05-31 20:41:00",101,9.82,27.9,0,0,0,0,0,0.01,0.004,0.001,26.57,26.57,26.57,0.003,61.05,61.31,61.05,0,0,0,0,331.5,641.3997,0
"2023-05-31 20:42:00",102,9.8,27.88,0,1.101,0,0,0,0.01,0.004,0.001,26.58,26.59,26.57,0.01,60.92,61,60.92,0,0,0,0,332.1,641.4001,0
"2023-05-31 20:43:00",103,9.76,27.86,0,7.374,0,0,0,0.011,0.005,0.001,26.59,26.61,26.58,0.014,60.94,60.94,60.91,0,0,0,0,321.2,641.4006,0
"2023-05-31 20:44:00",104,9.68,27.85,0,0,0,0,0,0.011,0.005,0.002,26.61,26.61,26.61,0,60.79,60.79,60.79,0,0,0,0,316.2,641.401,0
"2023-05-31 20:45:00",105,9.64,27.84,0,19.81,0,0,0,0.01,0.004,0.001,26.59,26.6,26.59,0.002,61.01,61.01,60.97,0,0,0,0,315.9,641.3995,0
"2023-05-31 20:46:00",106,9.6,27.82,0,0,0,0,0,0.01,0.004,0,26.6,26.6,26.59,0.005,60.81,60.81,60.66,0,0,0,0,308.1,641.3996,0
"2023-05-31 20:47:00",107,9.55,27.8,0,9.53,0,0,0,0.011,0.005,0,26.58,26.59,26.57,0.01,61.47,61.47,60.89,0,0,0,0,304,641.3994,0
"2023-05-31 20:48:00",108,9.52,27.78,0,0,0,0,0,0.01,0.004,0.001,26.51,26.52,26.5,0.006,61.21,61.31,61.21,0,0,0,0,294.5,641.399,0
"2023-05-31 20:49:00",109,9.44,27.77,0,21.6,0,0,0,0.01,0.005,0.001,26.54,26.54,26.54,0,61.21,61.21,60.92,0,0,0,0,285.1,641.4004,0
"2023-05-31 20:50:00",110,9.43,27.75,0,10.4,0,0,0,0.01,0.004,0.002,26.57,26.58,26.56,0.008,60.67,60.74,60.67,0,0,0,0,293.6,641.4006,0
"2023-05-31 20:51:00",111,9.39,27.73,0,23.54,0,0,0,0.011,0.005,0,26.62,26.63,26.61,0.008,60.41,60.68,60.41,0,0,0,0,293.8,641.3998,0
"2023-05-31 20:52:00",112,9.35,27.72,0,0,0,0,0,0.01,0.004,0,26.63,26.63,26.63,0,60.98,61.04,60.98,0,0,0,0,262.6,641.3997,0
"2023-05-31 20:53:00",113,9.3,27.71,0,4.771,0,0,0,0.012,0.005,0.001,26.61,26.62,26.61,0.003,61.37,61.37,61.19,0,0,0,0,268.5,641.4001,0
"2023-05-31 20:54:00",114,9.25,27.69,0,10.76,0,0,0,0.01,0.004,0,26.6,26.61,26.6,0.006,61.11,61.45,61.11,0,0,0,0,278.7,641.3997,0
"2023-05-31 20:55:00",115,9.2,27.69,0,1.008,0,0,0,0.012,0.005,0,26.6,26.61,26.6,0.004,61.92,61.92,61.23,0,0,0,0,289.1,641.4003,0
"2023-05-31 20:56:00",116,9.11,27.68,0,0,0,0,0,0.01,0.004,0.001,26.58,26.59,26.57,0.008,61.45,61.52,61.45,0,0,0,0,290,641.3994,0
"2023-05-31 20:57:00",117,9,27.66,0,2.603,0,0,0,0.011,0.005,0,26.56,26.57,26.56,0.004,61.3,61.3,61.28,0,0,0,0,304.7,641.3992,0
"2023-05-31 20:58:00",118,8.88,27.65,0,9.32,0,0,0,0.01,0.004,0.001,26.57,26.58,26.56,0.01,60.88,60.88,60.72,0,0,0,0,324.8,641.4006,0
"2023-05-31 20:59:00",119,8.77,27.64,0,12.42,0,0,0,0.01,0.004,0.001,26.56,26.57,26.56,0.003,61.1,61.1,61.03,0,0,0,0,319.7,641.4001,0
"2023-05-31 21:00:00",120,8.68,27.62,0,27.13,0,0,0,0.012,0.005,0,26.56,26.57,26.55,0.013,61.26,61.26,61.2,0,0,0,0,317.5,641.4005,0
"2023-05-31 21:01:00",121,8.66,27.61,0,0,0,0,0,0.01,0.004,0,26.53,26.54,26.52,0.009,61.75,61.75,61.24,0,0,0,0,317.4,641.4003,0
"2023-05-31 21:02:00",122,8.65,27.6,0,0,0,0,0,0.012,0.005,0,26.48,26.49,26.48,0.008,61.86,61.86,61.76,0,0,0,0,319.7,641.4002,0
"2023-05-31 21:03:00",123,8.66,27.59,0,0,0,0,0,0.012,0.005,0,26.46,26.46,26.45,0.005,61.92,61.92,61.87,0,0,0,0,314,641.3995,0
"2023-05-31 21:04:00",124,8.65,27.57,0,0,0,0,0,0.011,0.005,0.002,26.43,26.43,26.43,0.001,61.97,61.97,61.93,0,0,0,0,314,641.4,0
"2023-05-31 21:05:00",125,8.65,27.56,0,0,0,0,0,0.011,0.005,0.001,26.39,26.39,26.39,0,61.93,61.93,61.93,0,0,0,0,305.2,641.4009,0
"2023-05-31 21:06:00",126,8.65,27.56,0,8.26,0,0,0,0.01,0.004,0,26.39,26.4,26.38,0.011,62.15,62.15,62.09,0,0,0,0,309.3,641.3999,0
"2023-05-31 21:07:00",127,8.63,27.54,0,21.74,0,0,0,0.01,0.004,0.001,26.35,26.36,26.35,0.004,62.32,62.32,62.26,0,0,0,0,313.6,641.4005,0
"2023-05-31 21:08:00",128,8.65,27.53,0,13.27,0,0,0,0.01,0.004,0,26.34,26.36,26.33,0.014,62.63,62.63,62.5,0,0,0,0,313.9,641.3997,0
"2023-05-31 21:09:00",129,8.66,27.51,0,10.29,0,0,0,0.01,0.004,0,26.3,26.31,26.29,0.009,62.91,62.91,62.74,0,0,0,0,4.27,641.4001,0
"2023-05-31 21:10:00",130,8.65,27.5,0,0.247,0,0,0,0.01,0.004,0,26.26,26.26,26.25,0.006,62.97,62.97,62.89,0,0,0,0,4.002,641.4,0
"2023-05-31 21:11:00",131,8.65,27.48,0,5.871,0,0,0,0.012,0.005,0.001,26.19,26.21,26.17,0.019,63.08,63.08,63.08,0,0,0,0,351.5,641.4002,0
"2023-05-31 21:12:00",132,8.65,27.47,0,25.08,0,0,0,0.01,0.004,0,26.14,26.15,26.13,0.011,63.32,63.41,63.32,0,0,0,0,345,641.4,0
"2023-05-31 21:13:00",133,8.65,27.45,0,8.9,0,0,0,0.01,0.004,0,26.09,26.11,26.08,0.013,63.84,63.84,63.24,0,0,0,0,340.1,641.3995,0
"2023-05-31 21:14:00",134,8.65,27.44,0,20.68,0,0,0,0.01,0.004,0.001,26.05,26.07,26.04,0.017,64.06,64.09,64.06,0,0,0,0,341.2,641.3997,0
"2023-05-31 21:15:00",135,8.65,27.42,0,0,0,0,0,0.01,0.004,0,26,26.03,25.97,0.029,64.27,64.27,64.01,0,0,0,0,342.4,641.4001,0
"2023-05-31 21:16:00",136,8.66,27.41,0,0,0,0,0,0.01,0.004,0,25.92,25.94,25.9,0.02,64.6,64.6,63.98,0,0,0,0,329.3,641.3992,0
"2023-05-31 21:17:00",137,8.65,27.4,0,0,0,0,0,0.01,0.004,0.001,25.85,25.86,25.84,0.012,64.64,64.84,64.64,0,0,0,0,323.4,641.3998,0
"2023-05-31 21:18:00",138,8.65,27.38,0,0,0,0,0,0.01,0.004,0,25.77,25.8,25.75,0.025,64.64,64.8,64.64,0,0,0,0,326.1,641.3998,0
"2023-05-31 21:19:00",139,8.65,27.36,0,0,0,0,0,0.01,0.004,0,25.71,25.74,25.68,0.028,65.15,65.37,65.15,0,0,0,0,320.2,641.3999,0
"2023-05-31 21:20:00",140,8.65,27.34,0,0,0,0,0,0.012,0.005,0,25.64,25.65,25.63,0.007,65.26,65.3,65.26,0,0,0,0,316.5,641.3992,0
"2023-05-31 21:21:00",141,8.66,27.32,0,0,0,0,0,0.011,0.005,0,25.58,25.58,25.58,0,65.3,65.3,65.25,0,0,0,0,301.7,641.4,0
"2023-05-31 21:22:00",142,8.64,27.3,0,0,0,0,0,0.01,0.004,0,25.55,25.58,25.53,0.027,65.68,65.83,65.68,0,0,0,0,296.6,641.3998,0
"2023-05-31 21:23:00",143,8.65,27.28,0,0,0,0,0,0.009,0.004,0.001,25.57,25.57,25.57,0.003,65.37,65.45,65.37,0,0,0,0,299.4,641.3987,0
"2023-05-31 21:24:00",144,8.65,27.26,0,0,0,0,0,0.01,0.004,0,25.58,25.58,25.57,0.005,65.12,65.12,64.96,0,0,0,0,311.5,641.3994,0
"2023-05-31 21:25:00",145,8.64,27.24,0,0,0,0,0,0.01,0.004,0,25.57,25.58,25.57,0.005,64.63,65.01,64.63,0,0,0,0,294.6,641.4003,0
"2023-05-31 21:27:00",146,8.64,27.2,0,0,0,0,0,0.011,0.005,0.001,25.56,25.56,25.55,0.008,64.72,64.72,64.57,0,0,0,0,313.9,641.4003,0
"2023-05-31 21:28:00",147,8.62,27.18,0,0.899,0,0,0,0.011,0.005,0.001,25.58,25.58,25.57,0.001,65.14,65.14,64.59,0,0,0,0,314.1,641.4,0
"2023-05-31 21:29:00",148,8.64,27.16,0,0,0,0,0,0.011,0.005,0,25.54,25.55,25.54,0.008,64.62,65.1,64.62,0,0,0,0,347.9,641.3994,0
"2023-05-31 21:30:00",149,8.62,27.14,0,0.012,0,0,0,0.012,0.005,0.001,25.56,25.56,25.55,0.004,64.05,64.41,64.05,0,0,0,0,327.5,641.4001,0
"2023-05-31 21:31:00",150,8.61,27.12,0,0,0,0,0,0.01,0.005,0,25.62,25.62,25.61,0.002,64.24,64.24,63.99,0,0,0,0,332.6,641.4005,0
"2023-05-31 21:32:00",151,8.62,27.1,0,0,0,0,0,0.011,0.005,0.001,25.6,25.62,25.59,0.013,64.21,64.21,64.18,0,0,0,0,339.4,641.3996,0
"2023-05-31 21:33:00",152,8.62,27.08,0,0,0,0,0,0.011,0.005,0,25.57,25.57,25.57,0.002,64.98,64.98,64.63,0,0,0,0,350,641.3993,0
"2023-05-31 21:34:00",153,8.62,27.06,0,0,0,0,0,0.012,0.005,0,25.55,25.56,25.53,0.012,64.45,64.85,64.45,0,0,0,0,0.154,641.3995,0
"2023-05-31 21:35:00",154,8.62,27.04,0,0,0,0,0,0.011,0.005,0,25.52,25.53,25.51,0.011,64.8,64.92,64.8,0,0,0,0,340.1,641.4001,0
"2023-05-31 21:36:00",155,8.61,27.02,0,0,0,0,0,0.013,0.006,0,25.5,25.52,25.49,0.015,64.97,64.97,64.8,0,0,0,0,9.45,641.3999,0
"2023-05-31 21:37:00",156,8.62,27.01,0,0,0,0,0,0.012,0.005,0,25.45,25.45,25.45,0,65.05,65.05,65.05,0,0,0,0,337.5,641.4012,0
"2023-05-31 21:38:00",157,8.61,27,0,12.15,0,0,0,0.011,0.005,0.001,25.44,25.44,25.43,0.006,65.58,65.58,65.4,0,0,0,0,338.6,641.4006,0
"2023-05-31 21:39:00",158,8.6,26.98,0,3.243,0,0,0,0.013,0.006,0,25.42,25.43,25.41,0.01,65.19,65.19,65.11,0,0,0,0,341.5,641.3995,0
"2023-05-31 21:40:00",159,8.6,26.96,0,0,0,0,0,0.012,0.005,0.001,25.39,25.41,25.37,0.021,65.4,65.75,65.4,0,0,0,0,332.5,641.4002,0
"2023-05-31 21:41:00",160,8.58,26.94,0,0,0,0,0,0.012,0.005,0,25.35,25.35,25.35,0,65.77,65.9,65.77,0,0,0,0,342.3,641.3992,0
"2023-05-31 21:42:00",161,8.59,26.92,0,0,0,0,0,0.011,0.005,0,25.34,25.34,25.34,0.001,65.81,65.97,65.81,0,0,0,0,338,641.3987,0
"2023-05-31 21:43:00",162,8.57,26.9,0,0,0,0,0,0.011,0.005,0.001,25.3,25.32,25.29,0.013,66.16,66.16,65.75,0,0,0,0,335.6,641.4,0
"2023-05-31 21:44:00",163,8.58,26.88,0,0,0,0,0,0.009,0.004,0,25.26,25.27,25.25,0.009,66.35,67.22,66.35,0,0,0,0,335.1,641.3998,0
"2023-05-31 21:45:00",164,8.58,26.86,0,0,0,0,0,0.011,0.005,0.001,25.22,25.22,25.22,0.004,66.15,66.57,66.15,0,0,0,0,332.5,641.3999,0
"2023-05-31 21:46:00",165,8.58,26.84,0,0,0,0,0,0.011,0.005,0.001,25.21,25.21,25.2,0.001,66.29,66.34,66.29,0,0,0,0,336.3,641.3997,0
"2023-05-31 21:47:00",166,8.55,26.82,0,0,0,0,0,0.009,0.004,0,25.2,25.21,25.19,0.007,66.88,66.93,66.88,0,0,0,0,333.4,641.4003,0
"2023-05-31 21:48:00",167,8.58,26.81,0,0,0,0,0,0.011,0.005,0,25.2,25.21,25.19,0.009,66.17,66.17,66.04,0,0,0,0,332.4,641.4001,0
"2023-05-31 21:49:00",168,8.58,26.79,0,0,0,0,0,0.011,0.005,0,25.19,25.2,25.19,0.006,65.81,66.42,65.81,0,0,0,0,331.5,641.3996,0
"2023-05-31 21:50:00",169,8.58,26.77,0,0,0,0,0,0.01,0.004,0,25.24,25.27,25.22,0.021,65.08,65.48,65.08,0,0,0,0,336.5,641.3994,0
"2023-05-31 21:51:00",170,8.53,26.75,0,0,0,0,0,0.012,0.005,0,25.29,25.3,25.28,0.012,64.5,64.95,64.5,0,0,0,0,331.3,641.4,0
"2023-05-31 21:52:00",171,8.54,26.73,0,0,0,0,0,0.011,0.005,0,25.35,25.36,25.34,0.011,64.61,64.61,64.46,0,0,0,0,327.8,641.3995,0
"2023-05-31 21:53:00",172,8.52,26.71,0,0,0,0,0,0.011,0.005,0,25.37,25.38,25.37,0.002,64.92,64.92,64.6,0,0,0,0,332.4,641.4,0
"2023-05-31 21:54:00",173,8.5,26.69,0,0.02,0,0,0,0.009,0.004,0.001,25.36,25.36,25.35,0.003,65.32,65.32,64.99,0,0,0,0,331.6,641.3996,0
"2023-05-31 21:55:00",174,8.48,26.67,0,0.014,0,0,0,0.011,0.005,0,25.34,25.35,25.33,0.009,65.43,65.52,65.43,0,0,0,0,338.1,641.4005,0
"2023-05-31 21:56:00",175,8.46,26.65,0,0,0,0,0,0.011,0.005,0,25.28,25.3,25.25,0.028,66.38,66.38,66.23,0,0,0,0,344.5,641.3996,0
"2023-05-31 21:57:00",176,8.41,26.63,0,0,0,0,0,0.011,0.005,0,25.2,25.22,25.18,0.021,66.92,66.92,66.61,0,0,0,0,351.2,641.4003,0
"2023-05-31 21:58:00",177,8.38,26.62,0,0.341,0,0,0,0.012,0.005,0,25.06,25.06,25.06,0,67.41,67.41,67.41,0,0,0,0,335.7,641.4,0
"2023-05-31 21:59:00",178,8.31,26.61,0,0,0,0,0,0.011,0.005,0.001,24.99,25.02,24.97,0.025,67.65,67.75,67.65,0,0,0,0,346.4,641.399,0
"2023-06-01 07:33:00",179,8.84,22.96,7999,7999,7034,3801,-0.044,-2.051,-0.879,211.3,23.49,23.52,23.45,0.034,75.47,75.94,75.47,0,0,0,0,55.73,641.4002,0
"2023-06-01 07:34:00",180,8.84,22.97,4018,4499,3467,1895,-0.072,-3.113,-1.335,107.7,23.61,23.63,23.58,0.026,74.56,74.58,74.56,0,0,0,0,56.84,641.401,0
"2023-06-01 07:35:00",181,8.81,22.99,763.5,826,699.8,408.3,-0.093,-3.927,-1.684,26.31,23.77,23.83,23.71,0.056,74.14,74.7,74.14,0,0,0,0,44.97,641.4005,0
"2023-06-01 07:36:00",182,8.85,23.02,0,0,0,0,-0.1,-4,-1.715,0,24.03,24.09,23.96,0.066,73.44,73.69,73.44,0,0,0,0,45.48,641.4009,0
"2023-06-01 07:37:00",183,8.85,23.07,0,0,0,0,-0.1,-4,-1.715,0,24.26,24.32,24.19,0.068,73.11,73.11,73.02,0,0,0,0,103.3,641.4014,0
"2023-06-01 07:38:00",184,8.86,23.13,0,0,0,0,-0.1,-4,-1.715,0,24.49,24.56,24.42,0.069,72.08,73.18,72.08,0,0,0,0,86.9,641.4001,0
"2023-06-01 07:39:00",185,8.86,23.19,0,0,0,0,-0.1,-4,-1.715,0,24.75,24.81,24.69,0.061,71.55,71.96,71.55,0,0,0,0,98.3,641.4009,0
"2023-06-01 07:40:00",186,8.88,23.26,0,0,0,0,-0.1,-4,-1.715,0,24.99,25.04,24.95,0.047,71.04,71.53,71.04,0,0,0,0,58.93,641.4008,0
"2023-06-01 07:41:00",187,8.89,23.33,0,0,0,0,-0.1,-4,-1.715,0,25.09,25.11,25.08,0.013,69.6,70.03,69.6,0,0,0,0,79.38,641.4004,0
"2023-06-01 07:42:00",188,8.89,23.4,0,0,0,0,-0.1,-4,-1.715,0,25.16,25.16,25.16,0.002,68.68,68.7,68.68,0,0,0,0,120.5,641.4003,0
"2023-06-01 07:43:00",189,8.88,23.48,0,0,0,0,-0.1,-4,-1.715,0,25.1,25.1,25.1,0,69.6,69.6,69.6,0,0,0,0,61.97,641.3993,0
"2023-06-01 07:44:00",190,8.91,23.57,0,0,0,0,-0.1,-4,-1.715,0,24.98,24.99,24.97,0.011,69.94,69.94,69.42,0,0,0,0,69.47,641.4006,0
"2023-06-01 07:45:00",191,8.92,23.65,0,0,0,0,-0.1,-4,-1.715,0,25.03,25.04,25.02,0.007,69.62,69.62,69.53,0,0,0,0,38.4,641.4005,0
"2023-06-01 07:46:00",192,8.96,23.72,0,0,0,0,-0.1,-4,-1.715,0,25.09,25.13,25.05,0.041,69.58,69.61,69.58,0,0,0,0,113.2,641.3999,0
"2023-06-01 07:47:00",193,8.97,23.8,0,0,0,0,-0.1,-4,-1.715,0,25.28,25.32,25.23,0.044,69.55,69.55,69.26,0,0,0,0,18.83,641.4014,0
"2023-06-01 07:48:00",194,8.98,23.88,0,0,0,0,-0.1,-4,-1.715,0,25.39,25.4,25.38,0.008,68.64,69.11,68.64,0,0,0,0,53.13,641.4008,0
"2023-06-01 07:49:00",195,8.98,23.97,0,0,0,0,-0.1,-4,-1.715,0,25.42,25.47,25.36,0.054,68.46,68.62,68.46,0,0,0,0,94.7,641.4001,0
"2023-06-01 07:50:00",196,8.96,24.05,0,0,0,0,-0.1,-4,-1.715,0,25.56,25.58,25.55,0.014,67.78,67.78,67.54,0,0,0,0,107.9,641.4012,0
"2023-06-01 07:51:00",197,8.99,24.13,0,0,0,0,-0.1,-4,-1.715,0,25.41,25.44,25.38,0.034,67.93,67.93,67.57,0,0,0,0,90.9,641.4006,0
"2023-06-01 07:52:00",198,8.99,24.22,0,0,0,0,-0.1,-4,-1.715,0,25.32,25.32,25.31,0.004,68.11,68.11,68.02,0,0,0,0,102.8,641.4002,0
"2023-06-01 07:53:00",199,9,24.3,0,0,0,0,-0.1,-4,-1.715,0,25.25,25.28,25.22,0.03,68.09,68.16,68.09,0,0,0,0,67.92,641.4,0
"2023-06-01 07:54:00",200,9,24.39,0,0,0,0,-0.1,-4,-1.715,0,25.29,25.33,25.25,0.039,67.6,68.61,67.6,0,0,0,0,137.3,641.3997,0
"2023-06-01 07:55:00",201,9,24.48,0,0,0,0,-0.1,-4,-1.715,0,25.39,25.44,25.35,0.044,67.15,67.71,67.15,0,0,0,0,114.3,641.4009,0
"2023-06-01 07:56:00",202,9.02,24.56,0,0,0,0,-0.1,-4,-1.715,0,25.54,25.56,25.53,0.011,66.84,67.17,66.84,0,0,0,0,97.7,641.4006,0
"2023-06-01 07:57:00",203,9.01,24.64,0,0,0,0,-0.1,-4,-1.715,0,25.55,25.56,25.53,0.017,66.69,66.82,66.69,0,0,0,0,95.6,641.4006,0
"2023-06-01 07:58:00",204,9.01,24.72,0,0,0,0,-0.1,-4,-1.715,0,25.73,25.79,25.67,0.064,66.96,66.96,66.75,0,0,0,0,107.2,641.401,0
"2023-06-01 07:59:00",205,9.05,24.8,0,0,0,0,-0.1,-4,-1.715,0,25.93,25.97,25.89,0.041,65.9,66.41,65.9,0,0,0,0,53.79,641.4003,0
"2023-06-01 08:00:00",206,9.05,24.88,0,0,0,0,-0.1,-4,-1.715,0,25.95,25.95,25.94,0.001,66.41,66.41,65.95,0,0,0,0,57.63,641.4004,0
"2023-06-01 08:01:00",207,9.05,24.97,0,0,0,0,-0.1,-4,-1.715,0,26.1,26.15,26.04,0.059,65.5,66.37,65.5,0,0,0,0,28.24,641.4009,0
"2023-06-01 08:02:00",208,9.05,25.05,0,0,0,0,-0.1,-4,-1.715,0,26.36,26.44,26.28,0.078,64.72,65.4,64.72,0,0,0,0,84,641.4009,0
"2023-06-01 08:03:00",209,9.05,25.13,0,0,0,0,-0.1,-4,-1.715,0,26.56,26.6,26.53,0.037,64.46,64.46,64.24,0,0,0,0,136.5,641.3997,0
"2023-06-01 08:04:00",210,8.97,25.22,0,0,0,0,-0.1,-4,-1.715,0,26.68,26.68,26.68,0,64.1,64.1,64.1,0,0,0,0,198.3,641.4006,0
"2023-06-01 08:05:00",211,9.05,25.31,0,0,0,0,-0.1,-4,-1.715,0,26.74,26.75,26.74,0.009,64.19,64.19,63.97,0,0,0,0,125.4,641.4008,0
"2023-06-01 08:06:00",212,8.89,25.4,0,0,0,0,-0.1,-4,-1.715,0,26.72,26.72,26.72,0.002,63.97,63.97,63.94,0,0,0,0,133,641.399,0
"2023-06-01 08:07:00",213,8.89,25.48,0,0,0,0,-0.1,-4,-1.715,0,26.67,26.68,26.66,0.014,63.82,64.12,63.82,0,0,0,0,139.2,641.3999,0
"2023-06-01 08:08:00",214,9.05,25.56,0,0,0,0,-0.1,-4,-1.715,0,26.53,26.59,26.47,0.062,63.74,63.9,63.74,0,0,0,0,144.7,641.3995,0
"2023-06-01 08:09:00",215,9.08,25.64,0,0,0,0,-0.1,-4,-1.715,0,26.33,26.35,26.31,0.02,64.96,64.96,64.68,0,0,0,0,227.2,641.4004,0
"2023-06-01 08:10:00",216,8.96,25.72,0,0,0,0,-0.1,-4,-1.715,0,26.34,26.35,26.33,0.006,64.62,65.62,64.62,0,0,0,0,171.8,641.4,0
"2023-06-01 08:11:00",217,9.08,25.8,0,0,0,0,-0.1,-4,-1.715,0,26.35,26.38,26.32,0.028,64.69,64.75,64.69,0,0,0,0,158.7,641.4001,0
"2023-06-01 08:12:00",218,9.1,25.87,0,0,0,0,-0.1,-4,-1.715,0,26.43,26.47,26.39,0.038,64.76,64.76,64.74,0,0,0,0,140.9,641.4005,0
"2023-06-01 08:13:00",219,9.05,25.94,0,0,0,0,-0.1,-4,-1.715,0,26.59,26.63,26.56,0.034,64.34,64.55,64.34,0,0,0,0,102.9,641.4003,0
"2023-06-01 08:14:00",220,8.95,26.01,0,0,0,0,-0.1,-4,-1.715,0,26.66,26.71,26.62,0.046,63.68,63.68,62.99,0,0,0,0,120.6,641.4003,0
"2023-06-01 08:15:00",221,9.08,26.09,0,0,0,0,-0.1,-4,-1.715,0,26.5,26.52,26.48,0.022,64.32,64.32,63.8,0,0,0,0,110.8,641.4005,0
"2023-06-01 08:16:00",222,9.04,26.16,0,0,0,0,-0.1,-4,-1.715,0,26.55,26.59,26.52,0.037,64.13,64.27,64.13,0,0,0,0,139.8,641.4009,0
"2023-06-01 08:17:00",223,9.08,26.23,0,0,0,0,-0.1,-4,-1.715,0,26.64,26.64,26.63,0.001,64.19,64.19,64.02,0,0,0,0,134,641.3998,0
"2023-06-01 08:18:00",224,9.08,26.3,0,0,0,0,-0.1,-4,-1.715,0,26.62,26.66,26.57,0.045,63.87,64.22,63.87,0,0,0,0,160.2,641.3999,0
"2023-06-01 08:19:00",225,8.93,26.36,0,0,0,0,-0.1,-4,-1.715,0,26.36,26.43,26.29,0.07,64.37,64.37,64.02,0,0,0,0,143.5,641.4005,0
"2023-06-01 08:20:00",226,9.12,26.43,0,0,0,0,-0.1,-4,-1.715,0,26.07,26.14,25.99,0.073,65.57,65.57,64.23,0,0,0,0,150.4,641.4008,0
"2023-06-01 08:21:00",227,9.12,26.5,0,0,0,0,-0.1,-4,-1.715,0,25.86,25.88,25.84,0.02,66.25,66.25,66.07,0,0,0,0,141,641.4006,0
"2023-06-01 08:22:00",228,8.89,26.57,0,0,0,0,-0.1,-4,-1.715,0,25.76,25.79,25.73,0.029,66.8,66.8,66.45,0,0,0,0,130.3,641.3993,0
"2023-06-01 08:23:00",229,8.89,26.63,0,0,0,0,-0.1,-4,-1.715,0,25.74,25.75,25.74,0.009,66.73,66.83,66.73,0,0,0,0,154.8,641.4003,0
"2023-06-01 08:24:00",230,9.04,26.69,0,0,0,0,-0.1,-4,-1.715,0,25.61,25.64,25.58,0.028,67.42,67.42,66.52,0,0,0,0,127.4,641.3999,0
"2023-06-01 08:26:00",231,9.44,26.8,0,0,0,0,-0.1,-4,-1.715,0,25.49,25.49,25.48,0.007,67.49,67.53,67.49,0,0,0,0,155,641.3995,0
"2023-06-01 08:27:00",232,11.88,26.85,0,0,0,0,-0.1,-4,-1.715,0,25.53,25.56,25.51,0.029,67.26,67.48,67.26,0,0,0,0,195.5,641.4005,0
"2023-06-01 08:28:00",233,11.79,26.9,0,0,0,0,-0.1,-4,-1.715,0,25.71,25.78,25.64,0.069,66.45,67.12,66.45,0,0,0,0,136.8,641.4006,0
"2023-06-01 08:29:00",234,11.71,26.95,0,0,0,0,-0.1,-4,-1.715,0,25.9,25.92,25.88,0.019,65.81,66.19,65.81,0,0,0,0,136.2,641.4013,0
"2023-06-01 08:30:00",235,11.71,26.99,0,0,0,0,-0.1,-4,-1.715,0,26.04,26.1,25.97,0.064,65.57,65.68,65.57,0,0,0,0,134.5,641.4006,0
"2023-06-01 08:31:00",236,11.71,27.04,0,0,0,0,-0.1,-4,-1.715,0,26.37,26.47,26.28,0.094,64.43,65.09,64.43,0,0,0,0,53.83,641.4009,0
"2023-06-01 08:32:00",237,11.77,27.09,0,0,0,0,-0.1,-4,-1.715,0,26.66,26.7,26.61,0.044,63.79,63.91,63.79,0,0,0,0,110.8,641.4006,0
"2023-06-01 08:33:00",238,11.59,27.14,0,0,0,0,-0.1,-4,-1.715,0,26.71,26.76,26.66,0.052,63.38,63.38,63.07,0,0,0,0,153.3,641.4,0
"2023-06-01 08:34:00",239,11.71,27.19,0,0,0,0,-0.1,-4,-1.715,0,26.56,26.57,26.54,0.014,64.54,64.54,64.12,0,0,0,0,155.5,641.4008,0
"2023-06-01 08:35:00",240,11.4,27.24,0,0,0,0,-0.1,-4,-1.715,0,26.47,26.5,26.45,0.028,64.41,64.41,63.98,0,0,0,0,146.4,641.4006,0
"2023-06-01 08:36:00",241,11.16,27.3,0,0,0,0,-0.1,-4,-1.715,0,26.46,26.46,26.46,0,64.89,64.89,64.89,0,0,0,0,153.4,641.3995,0
"2023-06-01 08:37:00",242,11.7,27.36,0,0,0,0,-0.1,-4,-1.715,0,26.54,26.6,26.47,0.066,63.77,64.2,63.77,0,0,0,0,198.6,641.4,0
"2023-06-01 08:38:00",243,13.59,27.41,0,0,0,0,-0.1,-4,-1.715,0,26.68,26.73,26.63,0.051,63.72,63.72,63.38,0,0,0,0,92.8,641.401,0
"2023-06-01 08:39:00",244,13.58,27.46,0,0,0,0,-0.1,-4,-1.715,0,26.73,26.76,26.69,0.039,63.35,63.56,63.35,0,0,0,0,127.3,641.4012,0
"2023-06-01 08:40:00",245,13.58,27.51,0,0,0,0,-0.1,-4,-1.715,0,26.89,26.94,26.84,0.05,62.98,63.1,62.98,0,0,0,0,6.071,641.4006,0
"2023-06-01 08:41:00",246,13.58,27.56,0,0,0,0,-0.1,-4,-1.715,0,26.89,26.9,26.88,0.009,62.69,63.07,62.69,0,0,0,0,126.7,641.4008,0
"2023-06-01 08:42:00",247,13.58,27.62,0,0,0,0,-0.1,-4,-1.715,0,26.73,26.78,26.67,0.056,63.95,63.95,63.1,0,0,0,0,154.2,641.4012,0
"2023-06-01 08:43:00",248,13.56,27.67,0,0,0,0,-0.1,-4,-1.715,0,26.67,26.69,26.66,0.017,63.72,63.98,63.72,0,0,0,0,141,641.4008,0
"2023-06-01 08:44:00",249,13.59,27.73,0,0,0,0,-0.1,-4,-1.715,0,26.72,26.76,26.68,0.039,63.81,63.81,63.62,0,0,0,0,141.3,641.4012,0
"2023-06-01 08:45:00",250,13.56,27.78,0,0,0,0,-0.1,-4,-1.715,0,26.87,26.9,26.84,0.026,62.51,62.98,62.51,0,0,0,0,108.8,641.4008,0
"2023-06-01 08:46:00",251,13.57,27.84,0,0,0,0,-0.1,-4,-1.715,0,26.97,27.03,26.91,0.063,62.41,62.65,62.41,0,0,0,0,177.8,641.4002,0
"2023-06-01 08:47:00",252,13.59,27.91,0,0,0,0,-0.1,-4,-1.715,0,27.16,27.17,27.14,0.017,61.99,62.13,61.99,0,0,0,0,125.3,641.4005,0
"2023-06-01 08:48:00",253,13.56,27.96,0,0,0,0,-0.1,-4,-1.715,0,27.25,27.25,27.24,0.008,62.15,62.48,62.15,0,0,0,0,125.5,641.4006,0
"2023-06-01 08:49:00",254,13.57,28.01,0,0,0,0,-0.1,-4,-1.715,0,27.2,27.21,27.19,0.012,62.54,62.54,62.24,0,0,0,0,152.8,641.4008,0
"2023-06-01 08:50:00",255,13.58,28.07,0,0,0,0,-0.1,-4,-1.715,0,27.16,27.18,27.13,0.024,62.99,62.99,62.1,0,0,0,0,87,641.4005,0
"2023-06-01 08:51:00",256,13.59,28.12,0,0,0,0,-0.1,-4,-1.715,0,27.26,27.31,27.21,0.053,61.8,62.82,61.8,0,0,0,0,120.6,641.4007,0
"2023-06-01 08:52:00",257,13.56,28.18,0,0,0,0,-0.1,-4,-1.715,0,27.41,27.42,27.39,0.012,61.59,61.59,61.56,0,0,0,0,116.5,641.4006,0
"2023-06-01 08:53:00",258,13.55,28.24,0,0,0,0,-0.1,-4,-1.715,0,27.46,27.46,27.45,0.004,60.98,61,60.98,0,0,0,0,130.8,641.4,0
"2023-06-01 08:54:00",259,13.54,28.29,0,0,0,0,-0.1,-4,-1.715,0,27.4,27.44,27.37,0.039,60.32,61.3,60.32,0,0,0,0,144.3,641.4009,0
"2023-06-01 08:55:00",260,13.55,28.35,0,0,0,0,-0.1,-4,-1.715,0,27.12,27.2,27.04,0.081,61.71,61.71,60.96,0,0,0,0,143.5,641.4008,0
"2023-06-01 08:56:00",261,13.54,28.41,0,0,0,0,-0.1,-4,-1.715,0,26.9,26.92,26.87,0.023,62.76,62.76,62.44,0,0,0,0,155.7,641.4009,0
"2023-06-01 08:57:00",262,13.54,28.47,0,0,0,0,-0.1,-4,-1.715,0,27.02,27.02,27.02,0,62.21,62.21,62.21,0,0,0,0,120.9,641.4008,0
"2023-06-01 08:58:00",263,13.54,28.53,0,0,0,0,-0.1,-4,-1.715,0,27.11,27.14,27.09,0.022,61.78,62.18,61.78,0,0,0,0,147.8,641.4011,0
"2023-06-01 08:59:00",264,13.55,28.59,0,0,0,0,-0.1,-4,-1.715,0,27.03,27.09,26.97,0.059,62.15,62.15,61.6,0,0,0,0,159.4,641.4009,0
"2023-06-01 09:00:00",265,13.54,28.64,0,0,0,0,-0.1,-4,-1.715,0,26.98,26.99,26.96,0.018,62.66,62.66,62.4,0,0,0,0,178.2,641.4003,0
"2023-06-01 09:01:00",266,13.54,28.69,0,0,0,0,-0.1,-4,-1.715,0,26.93,26.96,26.91,0.024,61.03,62.34,61.03,0,0,0,0,164,641.4009,0
"2023-06-01 09:02:00",267,13.54,28.75,0,0,0,0,-0.1,-4,-1.715,0,26.82,26.83,26.8,0.016,61.81,61.81,61.46,0,0,0,0,150.3,641.4005,0
"2023-06-01 09:03:00",268,13.54,28.8,0,0,0,0,-0.1,-4,-1.715,0,26.75,26.75,26.75,0.002,62.74,62.74,62.02,0,0,0,0,167.8,641.4003,0
"2023-06-01 09:04:00",269,13.55,28.85,0,0,0,0,-0.1,-4,-1.715,0,26.87,26.92,26.82,0.05,62.51,62.92,62.51,0,0,0,0,128.3,641.4005,0
"2023-06-01 09:05:00",270,13.55,28.9,0,0,0,0,-0.1,-4,-1.715,0,27.02,27.04,27,0.019,61.74,61.84,61.74,0,0,0,0,120.7,641.4001,0
"2023-06-01 09:06:00",271,13.52,28.95,0,0,0,0,-0.1,-4,-1.715,0,27.14,27.19,27.09,0.05,61.75,62.02,61.75,0,0,0,0,115,641.4005,0
"2023-06-01 09:07:00",272,13.5,28.99,0,0,0,0,-0.1,-4,-1.715,0,27.34,27.36,27.33,0.015,61.52,61.58,61.52,0,0,0,0,163.7,641.4006,0
"2023-06-01 09:08:00",273,13.52,29.05,0,0,0,0,-0.1,-4,-1.715,0,27.34,27.36,27.32,0.02,59.24,61.32,59.24,0,0,0,0,152.6,641.4006,0
"2023-06-01 09:09:00",274,13.52,29.1,0,0,0,0,-0.1,-4,-1.715,0,27.21,27.23,27.18,0.022,60.5,60.5,59.95,0,0,0,0,166.9,641.4003,0
"2023-06-01 09:10:00",275,13.52,29.14,0,0,0,0,-0.1,-4,-1.715,0,27.09,27.13,27.05,0.041,61.62,61.62,61.24,0,0,0,0,158.9,641.401,0
"2023-06-01 09:11:00",276,13.51,29.19,0,0,0,0,-0.1,-4,-1.715,0,27.08,27.1,27.07,0.016,61.26,61.65,61.26,0,0,0,0,173.9,641.4005,0
"2023-06-01 09:12:00",277,13.52,29.24,0,0,0,0,-0.1,-4,-1.715,0,27.04,27.05,27.02,0.015,61.59,61.59,61.5,0,0,0,0,170.4,641.4,0
"2023-06-01 09:13:00",278,13.52,29.29,0,0,0,0,-0.1,-4,-1.715,0,27.02,27.03,27.01,0.009,61.5,62.18,61.5,0,0,0,0,158.4,641.4003,0
"2023-06-01 09:14:00",279,13.51,29.34,0,0,0,0,-0.1,-4,-1.715,0,26.89,26.92,26.86,0.03,61.97,61.97,61.71,0,0,0,0,159.9,641.4005,0
"2023-06-01 09:15:00",280,13.51,29.39,0,0,0,0,-0.1,-4,-1.715,0,26.79,26.83,26.76,0.035,62.6,62.6,61.94,0,0,0,0,98.2,641.4005,0
"2023-06-01 09:16:00",281,13.52,29.44,0,0,0,0,-0.1,-4,-1.715,0,26.85,26.92,26.79,0.067,62.35,62.35,62.34,0,0,0,0,210.4,641.4008,0
"2023-06-01 09:17:00",282,13.51,29.48,0,0,0,0,-0.1,-4,-1.715,0,27.02,27.02,27.01,0.009,60.25,60.25,59.58,0,0,0,0,164.7,641.4001,0
"2023-06-01 09:18:00",283,13.51,29.53,0,0,0,0,-0.1,-4,-1.715,0,27,27,27,0,59.84,59.84,59.84,0,0,0,0,180.8,641.4006,0
"2023-06-01 09:19:00",284,13.51,29.58,0,0,0,0,-0.1,-4,-1.715,0,26.94,26.96,26.93,0.02,60.82,60.82,60.29,0,0,0,0,126.9,641.4006,0
"2023-06-01 09:20:00",285,13.52,29.63,0,0,0,0,-0.1,-4,-1.715,0,27.11,27.18,27.05,0.063,60.23,60.47,60.23,0,0,0,0,173.2,641.4004,0
"2023-06-01 09:21:00",286,13.52,29.67,0,0,0,0,-0.1,-4,-1.715,0,27.23,27.28,27.18,0.053,60.6,60.6,60.41,0,0,0,0,121.2,641.4006,0
"2023-06-01 09:22:00",287,13.52,29.71,0,0,0,0,-0.1,-4,-1.715,0,27.43,27.45,27.42,0.015,59.29,59.53,59.29,0,0,0,0,74.42,641.4006,0
"2023-06-01 09:23:00",288,13.47,29.76,0,0,0,0,-0.1,-4,-1.715,0,27.51,27.56,27.45,0.054,59.36,59.38,59.36,0,0,0,0,217.8,641.4008,0
"2023-06-01 09:24:00",289,13.47,29.8,0,0,0,0,-0.1,-4,-1.715,0,27.7,27.74,27.67,0.036,58.74,59.37,58.74,0,0,0,0,154.7,641.4006,0
"2023-06-01 09:25:00",290,13.48,29.85,0,0,0,0,-0.1,-4,-1.715,0,27.62,27.66,27.58,0.039,59.75,59.75,59.11,0,0,0,0,162,641.4006,0
"2023-06-01 09:26:00",291,13.46,29.9,0,0,0,0,-0.1,-4,-1.715,0,27.52,27.52,27.52,0.002,60.08,60.08,59.99,0,0,0,0,165.5,641.4003,0
"2023-06-01 09:27:00",292,13.48,29.94,0,0,0,0,-0.1,-4,-1.715,0,27.65,27.7,27.6,0.051,59.63,60.04,59.63,0,0,0,0,91.1,641.4006,0
"2023-06-01 09:28:00",293,13.46,29.99,0,0,0,0,-0.1,-4,-1.715,0,27.71,27.73,27.68,0.024,59.42,59.42,58.67,0,0,0,0,195.6,641.4009,0
"2023-06-01 09:29:00",294,13.47,30.05,0,0,0,0,-0.1,-4,-1.715,0,27.79,27.8,27.78,0.007,58.63,58.88,58.63,0,0,0,0,162.7,641.4003,0
"2023-06-01 09:30:00",295,13.48,30.1,0,0,0,0,-0.1,-4,-1.715,0,27.75,27.77,27.72,0.023,58.55,58.71,58.55,0,0,0,0,176.7,641.4004,0
"2023-06-01 09:31:00",296,13.47,30.14,0,0,0,0,-0.1,-4,-1.715,0,27.68,27.72,27.65,0.039,60.11,60.11,59.12,0,0,0,0,189,641.4006,0
"2023-06-01 09:32:00",297,13.47,30.19,0,0,0,0,-0.1,-4,-1.715,0,27.69,27.75,27.63,0.061,59.43,60.14,59.43,0,0,0,0,149.4,641.4004,0
"2023-06-01 09:33:00",298,13.47,30.24,0,0,0,0,-0.1,-4,-1.715,0,27.95,28.03,27.88,0.078,58.8,59.07,58.8,0,0,0,0,122,641.4003,0
"2023-06-01 09:34:00",299,13.47,30.28,0,0,0,0,-0.1,-4,-1.715,0,28.11,28.12,28.1,0.009,58.21,58.21,57.67,0,0,0,0,148.8,641.4006,0
"2023-06-01 09:35:00",300,13.48,30.33,0,0,0,0,-0.1,-4,-1.715,0,28.02,28.05,27.98,0.033,58.94,58.94,58.44,0,0,0,0,132.8,641.401,0
"2023-06-01 09:36:00",301,13.48,30.39,0,0,0,0,-0.1,-4,-1.715,0,27.92,27.94,27.9,0.019,59.43,59.43,58.59,0,0,0,0,135.8,641.4004,0
"2023-06-01 09:37:00",302,13.48,30.44,0,0,0,0,-0.1,-4,-1.715,0,27.97,28.01,27.93,0.04,58.91,59.53,58.91,0,0,0,0,85.7,641.4006,0
"2023-06-01 09:38:00",303,13.48,30.49,0,0,0,0,-0.1,-4,-1.715,0,28.14,28.17,28.11,0.029,58.32,58.72,58.32,0,0,0,0,114.9,641.4006,0
"2023-06-01 09:40:00",304,13.44,30.59,0,0,0,0,-0.1,-4,-1.715,0,28.16,28.21,28.11,0.048,58.97,58.97,58.55,0,0,0,0,128.4,641.4011,0
"2023-06-01 09:41:00",305,13.43,30.64,0,0,0,0,-0.1,-4,-1.715,0,28.05,28.06,28.03,0.013,59.53,59.77,59.53,0,0,0,0,74.74,641.4006,0
"2023-06-01 09:42:00",306,13.44,30.68,0,0,0,0,-0.1,-4,-1.715,0,28.15,28.17,28.13,0.022,59.14,59.44,59.14,0,0,0,0,146.8,641.4009,0
"2023-06-01 09:43:00",307,13.44,30.73,0,0,0,0,-0.1,-4,-1.715,0,28.08,28.11,28.06,0.027,58.94,58.94,58.55,0,0,0,0,139.6,641.4008,0
"2023-06-01 09:44:00",308,13.44,30.77,0,0,0,0,-0.1,-4,-1.715,0,27.93,27.96,27.89,0.039,59.6,59.6,59.09,0,0,0,0,155.1,641.4003,0
"2023-06-01 09:45:00",309,13.45,30.82,0,0,0,0,-0.1,-4,-1.715,0,27.87,27.89,27.84,0.023,60.87,60.87,60.11,0,0,0,0,157.2,641.4006,0
"2023-06-01 09:46:00",310,13.43,30.86,0,0,0,0,-0.1,-4,-1.715,0,27.98,27.98,27.97,0.004,59.78,59.78,59.7,0,0,0,0,163.7,641.4006,0
"2023-06-01 09:47:00",311,13.43,30.9,0,0,0,0,-0.1,-4,-1.715,0,27.9,27.97,27.83,0.067,60.37,60.37,59.46,0,0,0,0,160.5,641.4007,0
"2023-06-01 09:48:00",312,13.44,30.94,0,0,0,0,-0.1,-4,-1.715,0,27.74,27.75,27.73,0.011,60.49,60.83,60.49,0,0,0,0,171.2,641.4005,0
"2023-06-01 09:49:00",313,13.45,30.98,0,0,0,0,-0.1,-4,-1.715,0,27.54,27.6,27.48,0.058,61.58,61.58,60.58,0,0,0,0,155.4,641.4005,0
"2023-06-01 09:50:00",314,13.42,31.03,0,0,0,0,-0.1,-4,-1.715,0,27.46,27.46,27.46,0,60.66,60.66,60.66,0,0,0,0,151.8,641.4003,0
"2023-06-01 09:51:00",315,13.44,31.07,0,0,0,0,-0.1,-4,-1.715,0,27.39,27.39,27.38,0.004,61.05,61.05,60.84,0,0,0,0,163.4,641.4005,0
"2023-06-01 09:52:00",316,13.43,31.1,0,0,0,0,-0.1,-4,-1.715,0,27.45,27.48,27.43,0.021,60.98,61.13,60.98,0,0,0,0,149,641.4006,0
"2023-06-01 09:53:00",317,13.43,31.13,0,0,0,0,-0.1,-4,-1.715,0,27.51,27.52,27.51,0.005,61.23,61.23,60.98,0,0,0,0,175.6,641.4005,0
"2023-06-01 09:54:00",318,13.45,31.16,0,0,0,0,-0.1,-4,-1.715,0,27.54,27.55,27.53,0.01,61.89,61.89,61.47,0,0,0,0,142.7,641.4009,0
"2023-06-01 09:55:00",319,13.43,31.19,0,0,0,0,-0.1,-4,-1.715,0,27.59,27.6,27.57,0.016,60.51,60.84,60.51,0,0,0,0,155.1,641.4004,0
"2023-06-01 09:56:00",320,13.43,31.22,0,0,0,0,-0.1,-4,-1.715,0,27.59,27.6,27.58,0.011,61.11,61.11,60.9,0,0,0,0,154.9,641.4006,0
"2023-06-01 09:57:00",321,13.43,31.25,0,0,0,0,-0.1,-4,-1.715,0,27.65,27.69,27.62,0.037,61.38,61.4,61.38,0,0,0,0,138.8,641.4007,0
"2023-06-01 09:58:00",322,13.43,31.28,0,0,0,0,-0.1,-4,-1.715,0,27.75,27.77,27.72,0.024,60.64,60.64,59.81,0,0,0,0,144.4,641.4,0
"2023-06-01 09:59:00",323,13.44,31.31,0,0,0,0,-0.1,-4,-1.715,0,27.81,27.85,27.76,0.045,60.39,60.39,59.97,0,0,0,0,206.1,641.4003,0
"2023-06-01 10:00:00",324,13.44,31.34,0,0,0,0,-0.1,-4,-1.715,0,27.86,27.87,27.84,0.013,59.71,59.95,59.71,0,0,0,0,160.2,641.401,0
"2023-06-01 10:01:00",325,13.44,31.38,0,0,0,0,-0.1,-4,-1.715,0,27.7,27.76,27.63,0.068,61.22,61.22,60.29,0,0,0,0,225.1,641.4001,0
"2023-06-01 10:02:00",326,13.44,31.41,0,0,0,0,-0.1,-4,-1.715,0,27.53,27.54,27.52,0.01,61.37,61.38,61.37,0,0,0,0,157.9,641.4008,0
"2023-06-01 10:03:00",327,13.42,31.43,0,0,0,0,-0.1,-4,-1.715,0,27.7,27.73,27.67,0.029,60.55,60.55,60.35,0,0,0,0,192.5,641.4005,0
"2023-06-01 10:04:00",328,13.43,31.46,0,0,0,0,-0.1,-4,-1.715,0,27.82,27.87,27.78,0.047,60.21,60.74,60.21,0,0,0,0,158.1,641.4008,0
"2023-06-01 10:05:00",329,13.44,31.49,0,0,0,0,-0.1,-4,-1.715,0,27.95,27.97,27.93,0.019,59.65,60.37,59.65,0,0,0,0,148.5,641.4005,0
"2023-06-01 10:06:00",330,13.44,31.52,0,0,0,0,-0.1,-4,-1.715,0,27.97,28.01,27.94,0.034,60.04,60.77,60.04,0,0,0,0,172.6,641.4005,0
"2023-06-01 10:07:00",331,13.44,31.55,0,0,0,0,-0.1,-4,-1.715,0,28.09,28.1,28.08,0.012,58.54,60.22,58.54,0,0,0,0,122.4,641.4005,0
"2023-06-01 10:08:00",332,13.44,31.58,0,0,0,0,-0.1,-4,-1.715,0,28.05,28.08,28.02,0.029,59.26,59.47,59.26,0,0,0,0,130.5,641.4009,0
"2023-06-01 10:09:00",333,13.43,31.61,0,0,0,0,-0.1,-4,-1.715,0,27.87,27.91,27.84,0.039,60.21,60.21,59.11,0,0,0,0,105.3,641.4006,0
"2023-06-01 10:10:00",334,13.44,31.63,0,0,0,0,-0.1,-4,-1.715,0,27.88,27.9,27.86,0.021,59.85,59.85,59.66,0,0,0,0,131.9,641.4004,0
"2023-06-01 10:11:00",335,13.44,31.66,0,0,0,0,-0.1,-4,-1.715,0,27.88,27.88,27.88,0,59.16,59.16,59.16,0,0,0,0,110.3,641.4011,0
"2023-06-01 10:12:00",336,13.42,31.69,0,0,0,0,-0.1,-4,-1.715,0,27.9,27.95,27.86,0.045,59.92,59.92,59.32,0,0,0,0,92,641.4009,0
"2023-06-01 10:13:00",337,13.44,31.71,0,0,0,0,-0.1,-4,-1.715,0,28.1,28.16,28.04,0.06,59.05,59.41,59.05,0,0,0,0,69.8,641.4004,0
"2023-06-01 10:14:00",338,13.43,31.73,0,0,0,0,-0.1,-4,-1.715,0,28.25,28.28,28.23,0.028,58.34,58.44,58.34,0,0,0,0,101,641.4,0
"2023-06-01 10:15:00",339,13.44,31.75,0,0,0,0,-0.1,-4,-1.715,0,28.32,28.32,28.31,0.005,58.69,59.09,58.69,0,0,0,0,170,641.401,0
"2023-06-01 10:16:00",340,13.44,31.77,0,0,0,0,-0.1,-4,-1.715,0,28.18,28.28,28.08,0.099,59.58,59.58,58.47,0,0,0,0,186.9,641.4004,0
"2023-06-01 10:17:00",341,13.43,31.79,0,0,0,0,-0.1,-4,-1.715,0,27.85,27.91,27.79,0.065,60.11,60.11,59.81,0,0,0,0,183.8,641.4005,0
"2023-06-01 10:18:00",342,13.44,31.82,0,0,0,0,-0.1,-4,-1.715,0,27.51,27.59,27.43,0.078,60.52,60.52,60.3,0,0,0,0,216.1,641.4004,0
"2023-06-01 10:19:00",343,13.44,31.84,0,0,0,0,-0.1,-4,-1.715,0,27.33,27.35,27.31,0.02,60.92,60.92,60.68,0,0,0,0,189.5,641.4003,0
"2023-06-01 10:20:00",344,13.4,31.86,0,0,0,0,-0.1,-4,-1.715,0,27.33,27.38,27.28,0.047,61.58,61.58,61.58,0,0,0,0,157.9,641.4006,0
"2023-06-01 10:21:00",345,13.39,31.88,0,0,0,0,-0.1,-4,-1.715,0,27.55,27.61,27.49,0.057,60.93,61.35,60.93,0,0,0,0,185.5,641.4007,0
"2023-06-01 10:22:00",346,13.4,31.91,0,0,0,0,-0.1,-4,-1.715,0,27.74,27.78,27.71,0.035,60.27,60.75,60.27,0,0,0,0,150.3,641.4004,0
"2023-06-01 10:23:00",347,13.39,31.93,0,0,0,0,-0.1,-4,-1.715,0,27.94,28,27.87,0.064,60.79,60.8,60.79,0,0,0,0,21.4,641.4003,0
"2023-06-01 10:24:00",348,13.4,31.95,0,0,0,0,-0.1,-4,-1.715,0,28.08,28.11,28.05,0.031,60.78,60.78,59.89,0,0,0,0,145.5,641.4003,0
"2023-06-01 10:25:00",349,13.39,31.97,0,0,0,0,-0.1,-4,-1.715,0,28.29,28.35,28.23,0.06,59.83,59.83,59.77,0,0,0,0,242.9,641.4003,0
"2023-06-01 10:26:00",350,13.39,31.99,0,0,0,0,-0.1,-4,-1.715,0,28.52,28.55,28.49,0.029,58.44,59.24,58.44,0,0,0,0,148.5,641.4001,0
"2023-06-01 10:27:00",351,13.4,32.01,0,0,0,0,-0.1,-4,-1.715,0,28.64,28.66,28.62,0.022,58.52,58.52,57.51,0,0,0,0,95,641.4006,0
"2023-06-01 10:28:00",352,13.4,32.03,0,0,0,0,-0.1,-4,-1.715,0,28.65,28.68,28.63,0.025,58.93,58.93,58.17,0,0,0,0,176.9,641.4006,0
"2023-06-01 10:29:00",353,13.4,32.06,0,0,0,0,-0.1,-4,-1.715,0,28.65,28.7,28.61,0.043,57.89,58.27,57.89,0,0,0,0,197.3,641.4009,0
"2023-06-01 10:30:00",354,13.4,32.09,0,0,0,0,-0.1,-4,-1.715,0,28.25,28.38,28.12,0.133,58.55,58.55,58.17,0,0,0,0,200.4,641.3997,0
"2023-06-01 10:31:00",355,13.4,32.11,0,0,0,0,-0.1,-4,-1.715,0,27.77,27.84,27.7,0.07,60.36,60.36,59.4,0,0,0,0,194.6,641.4005,0
"2023-06-01 10:32:00",356,13.38,32.14,0,0,0,0,-0.1,-4,-1.715,0,27.46,27.46,27.46,0,60.65,60.65,60.65,0,0,0,0,191.2,641.4007,0
"2023-06-01 10:33:00",357,13.4,32.18,0,0,0,0,-0.1,-4,-1.715,0,27.38,27.38,27.37,0.007,60.51,60.85,60.51,0,0,0,0,182.7,641.4007,0
"2023-06-01 10:34:00",358,13.39,32.2,0,0,0,0,-0.1,-4,-1.715,0,27.37,27.39,27.34,0.023,59.91,60.22,59.91,0,0,0,0,178,641.4003,0
"2023-06-01 10:35:00",359,13.4,32.21,0,0,0,0,-0.1,-4,-1.715,0,27.28,27.28,27.28,0.001,59.9,59.9,59.61,0,0,0,0,185,641.4005,0
"2023-06-01 10:36:00",360,13.39,32.22,0,0,0,0,-0.1,-4,-1.715,0,27.33,27.34,27.33,0.006,59.7,60.14,59.7,0,0,0,0,220.7,641.4005,0
"2023-06-01 10:37:00",361,13.39,32.23,0,0,0,0,-0.1,-4,-1.715,0,27.33,27.35,27.32,0.014,60.14,60.14,59.77,0,0,0,0,232.6,641.4003,0
"2023-06-01 10:38:00",362,13.4,32.24,0,0,0,0,-0.1,-4,-1.715,0,27.45,27.49,27.41,0.039,59.8,59.91,59.8,0,0,0,0,232.8,641.4003,0
"2023-06-01 10:39:00",363,13.39,32.25,0,0,0,0,-0.1,-4,-1.715,0,27.73,27.82,27.64,0.088,59.65,59.89,59.65,0,0,0,0,169.4,641.4,0
"2023-06-01 10:40:00",364,13.4,32.26,0,0,0,0,-0.1,-4,-1.715,0,28.05,28.11,27.98,0.062,58.37,59.13,58.37,0,0,0,0,213.7,641.4005,0
"2023-06-01 10:41:00",365,13.39,32.28,0,0,0,0,-0.1,-4,-1.715,0,28.13,28.16,28.09,0.032,58.62,58.62,58.51,0,0,0,0,181.3,641.4005,0
"2023-06-01 10:42:00",366,13.4,32.3,0,0,0,0,-0.1,-4,-1.715,0,28.04,28.11,27.98,0.064,58.4,58.4,57.87,0,0,0,0,209.2,641.4003,0
"2023-06-01 10:43:00",367,13.4,32.32,0,0,0,0,-0.1,-4,-1.715,0,27.99,28.02,27.97,0.027,58.98,58.98,58.86,0,0,0,0,181.2,641.4007,0
"2023-06-01 10:44:00",368,13.4,32.34,0,0,0,0,-0.1,-4,-1.715,0,28.23,28.29,28.17,0.056,58.03,59.13,58.03,0,0,0,0,198.9,641.4012,0
"2023-06-01 10:45:00",369,13.4,32.36,0,0,0,0,-0.1,-4,-1.715,0,28.34,28.39,28.29,0.051,57.8,58.53,57.8,0,0,0,0,184.9,641.4003,0
"2023-06-01 10:46:00",370,13.4,32.38,0,0,0,0,-0.1,-4,-1.715,0,28.4,28.44,28.35,0.044,57.44,57.44,56.49,0,0,0,0,161.4,641.4002,0
"2023-06-01 10:47:00",371,13.4,32.41,0,0,0,0,-0.1,-4,-1.715,0,28.29,28.31,28.27,0.02,57.93,57.93,57.09,0,0,0,0,151.3,641.4003,0
"2023-06-01 10:48:00",372,13.4,32.43,0,0,0,0,-0.1,-4,-1.715,0,28.34,28.4,28.29,0.058,57.12,57.45,57.12,0,0,0,0,132.8,641.4003,0
"2023-06-01 10:49:00",373,13.4,32.45,0,0,0,0,-0.1,-4,-1.715,0,28.52,28.56,28.49,0.038,56.5,56.5,56.13,0,0,0,0,168.8,641.4005,0
"2023-06-01 10:50:00",374,13.4,32.48,0,0,0,0,-0.1,-4,-1.715,0,28.68,28.68,28.68,0.001,56.18,56.18,56.07,0,0,0,0,128.4,641.4003,0
"2023-06-01 10:51:00",375,13.39,32.5,0,0,0,0,-0.1,-4,-1.715,0,28.63,28.67,28.59,0.044,55.86,55.86,55.72,0,0,0,0,213.6,641.4006,0
"2023-06-01 10:52:00",376,13.4,32.52,0,0,0,0,-0.1,-4,-1.715,0,28.63,28.67,28.58,0.046,56.12,56.12,55.89,0,0,0,0,157.9,641.4006,0
"2023-06-01 10:54:00",377,13.39,32.58,0,0,0,0,-0.1,-4,-1.715,0,28.88,28.88,28.88,0.003,54.4,54.54,54.4,0,0,0,0,194.3,641.4004,0
"2023-06-01 10:55:00",378,13.39,32.61,0,0,0,0,-0.1,-4,-1.715,0,28.95,28.96,28.93,0.015,53.37,54.36,53.37,0,0,0,0,191.8,641.4012,0
"2023-06-01 10:56:00",379,13.39,32.63,0,0,0,0,-0.1,-4,-1.715,0,28.68,28.79,28.58,0.106,54.79,54.82,54.79,0,0,0,0,232.9,641.4002,0
"2023-06-01 10:57:00",380,13.39,32.66,0,0,0,0,-0.1,-4,-1.715,0,28.26,28.38,28.14,0.118,56.07,56.17,56.07,0,0,0,0,216.9,641.4007,0
"2023-06-01 10:58:00",381,13.37,32.69,0,0,0,0,-0.1,-4,-1.715,0,27.93,27.98,27.88,0.049,57.21,57.21,56.73,0,0,0,0,240.3,641.3999,0
"2023-06-01 10:59:00",382,13.39,32.71,0,0,0,0,-0.1,-4,-1.715,0,27.97,28.03,27.9,0.065,57.47,57.82,57.47,0,0,0,0,277.8,641.4001,0
"2023-06-01 11:00:00",383,13.39,32.73,0,0,0,0,-0.1,-4,-1.715,0,28.26,28.33,28.2,0.064,57.03,57.03,57,0,0,0,0,89.5,641.4006,0
"2023-06-01 11:01:00",384,13.39,32.75,0,0,0,0,-0.1,-4,-1.715,0,28.55,28.62,28.49,0.066,55.66,56.51,55.66,0,0,0,0,99.6,641.4005,0
"2023-06-01 11:02:00",385,13.4,32.77,0,0,0,0,-0.1,-4,-1.715,0,28.78,28.82,28.74,0.043,56.19,56.19,56.12,0,0,0,0,113.1,641.3996,0
"2023-06-01 11:03:00",386,13.36,32.79,0,0,0,0,-0.1,-4,-1.715,0,28.9,28.91,28.89,0.007,55.06,55.24,55.06,0,0,0,0,240.7,641.4005,0
"2023-06-01 11:04:00",387,13.34,32.82,0,0,0,0,-0.1,-4,-1.715,0,29.09,29.09,29.09,0,54.72,54.72,54.72,0,0,0,0,223.7,641.4,0
"2023-06-01 11:05:00",388,13.36,32.85,0,0,0,0,-0.1,-4,-1.715,0,29.16,29.16,29.16,0.001,54.29,54.5,54.29,0,0,0,0,199.9,641.4006,0
"2023-06-01 11:08:00",0,13.36,32.99,0,0,0,0,-0.1,-4,-1.715,0,29.53,29.61,29.45,0.078,53.6,53.84,53.6,0,0,0,0,186.5,641.4003,0
"2023-06-01 11:09:00",1,13.36,33.02,0,0,0,0,-0.1,-4,-1.715,0,29.69,29.73,29.65,0.043,53.12,53.68,53.12,0,0,0,0,67.66,641.4003,0
"2023-06-01 11:10:00",2,13.36,33.04,0,0,0,0,-0.1,-4,-1.715,0,29.73,29.74,29.73,0.008,52.53,53.31,52.53,0,0,0,0,207,641.4005,0
"2023-06-01 11:11:00",3,13.36,33.07,0,0,0,0,-0.1,-4,-1.715,0,29.88,29.92,29.84,0.039,52.43,52.43,52.35,0,0,0,0,157.3,641.4009,0
"2023-06-01 11:12:00",4,13.36,33.11,0,0,0,0,-0.1,-4,-1.715,0,29.94,29.95,29.92,0.014,52.47,52.56,52.47,0,0,0,0,137.3,641.4007,0
"2023-06-01 11:13:00",5,13.36,33.15,0,0,0,0,-0.1,-4,-1.715,0,29.95,29.96,29.93,0.016,51.93,51.93,51.86,0,0,0,0,145.4,641.4002,0
"2023-06-01 11:14:00",6,13.35,33.19,0,0,0,0,-0.1,-4,-1.715,0,29.97,30.01,29.93,0.044,52.48,52.48,51.8,0,0,0,0,101.9,641.4008,0
"2023-06-01 11:15:00",7,13.36,33.23,0,0,0,0,-0.1,-4,-1.715,0,30.09,30.11,30.06,0.026,51.07,51.07,50.77,0,0,0,0,93.2,641.4001,0
"2023-06-01 11:16:00",8,13.36,33.27,0,0,0,0,-0.1,-4,-1.715,0,30.01,30.03,30,0.017,50.34,51.24,50.34,0,0,0,0,114.3,641.4003,0
"2023-06-01 11:17:00",9,13.36,33.31,0,0,0,0,-0.1,-4,-1.715,0,29.96,29.96,29.96,0.003,50.95,50.95,50.55,0,0,0,0,102.2,641.4004,0
"2023-06-01 11:18:00",10,13.34,33.36,0,0,0,0,-0.1,-4,-1.715,0,29.91,29.91,29.91,0,51.38,51.38,51.38,0,0,0,0,96.1,641.4006,0
"2023-06-01 11:19:00",11,13.36,33.41,0,0,0,0,-0.1,-4,-1.715,0,29.98,29.99,29.97,0.009,51.2,51.62,51.2,0,0,0,0,153.9,641.4001,0
"2023-06-01 11:20:00",12,13.36,33.45,0,0,0,0,-0.1,-4,-1.715,0,29.92,29.96,29.89,0.033,51.81,51.94,51.81,0,0,0,0,232.9,641.4,0
"2023-06-01 11:21:00",13,13.36,33.49,0,0,0,0,-0.1,-4,-1.715,0,29.74,29.77,29.72,0.024,51.6,51.81,51.6,0,0,0,0,216.2,641.4009,0
"2023-06-01 11:22:00",14,13.33,33.53,0,0,0,0,-0.1,-4,-1.715,0,29.6,29.64,29.57,0.033,51.75,51.88,51.75,0,0,0,0,173.7,641.4004,0
"2023-06-01 11:23:00",15,13.32,33.56,0,0,0,0,-0.1,-4,-1.715,0,29.47,29.47,29.46,0.005,51.83,51.98,51.83,0,0,0,0,157.1,641.3998,0
"2023-06-01 11:24:00",16,13.31,33.6,0,0,0,0,-0.1,-4,-1.715,0,29.48,29.49,29.46,0.017,52.45,52.45,51.82,0,0,0,0,165.6,641.4007,0
"2023-06-01 11:25:00",17,13.31,33.63,0,0,0,0,-0.1,-4,-1.715,0,29.46,29.5,29.42,0.041,52.21,52.21,51.67,0,0,0,0,169,641.4005,0
"2023-06-01 11:26:00",18,13.32,33.66,0,0,0,0,-0.1,-4,-1.715,0,29.34,29.37,29.32,0.026,52,52.24,52,0,0,0,0,112.9,641.4004,0
"2023-06-01 11:27:00",19,13.31,33.69,0,0,0,0,-0.1,-4,-1.715,0,29.33,29.35,29.32,0.016,52.37,52.37,51.96,0,0,0,0,162,641.4006,0
"2023-06-01 11:28:00",20,13.32,33.72,0,0,0,0,-0.1,-4,-1.715,0,29.42,29.43,29.41,0.01,52.33,52.33,51.8,0,0,0,0,46.75,641.4003,0
"2023-06-01 11:29:00",21,13.31,33.74,0,0,0,0,-0.1,-4,-1.715,0,29.69,29.69,29.69,0,51.92,51.92,51.92,0,0,0,0,139.9,641.4007,0
"2023-06-01 11:30:00",22,13.32,33.77,0,0,0,0,-0.1,-4,-1.715,0,29.73,29.74,29.72,0.008,50.92,52.2,50.92,0,0,0,0,158.6,641.4003,0
"2023-06-01 11:31:00",23,13.32,33.8,0,0,0,0,-0.1,-4,-1.715,0,29.58,29.62,29.54,0.041,52.08,52.08,51.42,0,0,0,0,147.3,641.4006,0
"2023-06-01 11:32:00",24,13.33,33.82,0,0,0,0,-0.1,-4,-1.715,0,29.59,29.61,29.56,0.026,52.28,52.3,52.28,0,0,0,0,151.5,641.4007,0
"2023-06-01 11:33:00",25,13.32,33.85,0,0,0,0,-0.1,-4,-1.715,0,29.65,29.66,29.64,0.01,51.89,51.89,51.72,0,0,0,0,134.2,641.4003,0
"2023-06-01 11:34:00",26,13.32,33.87,0,0,0,0,-0.1,-4,-1.715,0,29.61,29.64,29.57,0.038,51.02,51.02,51,0,0,0,0,73.89,641.4005,0
"2023-06-01 11:35:00",27,13.32,33.89,0,0,0,0,-0.1,-4,-1.715,0,29.5,29.5,29.5,0.001,52.12,52.12,51.58,0,0,0,0,153.6,641.3999,0
"2023-06-01 11:36:00",28,13.32,33.91,0,0,0,0,-0.1,-4,-1.715,0,29.63,29.7,29.56,0.069,51.88,52.25,51.88,0,0,0,0,225.3,641.4,0
"2023-06-01 11:37:00",29,13.32,33.94,0,0,0,0,-0.1,-4,-1.715,0,29.58,29.69,29.48,0.106,51.17,51.17,50.64,0,0,0,0,253.6,641.4009,0
"2023-06-01 11:38:00",30,13.32,33.96,0,0,0,0,-0.1,-4,-1.715,0,29.24,29.27,29.21,0.029,52.39,52.39,51.66,0,0,0,0,269.8,641.4002,0
"2023-06-01 11:40:00",31,13.33,34,0,0,0,0,-0.1,-4,-1.715,0,29.33,29.36,29.31,0.025,50.91,50.91,50.7,0,0,0,0,29.9,641.4006,0
"2023-06-01 11:41:00",32,13.32,34.02,0,0,0,0,-0.1,-4,-1.715,0,29.17,29.21,29.14,0.032,51.32,51.32,51.04,0,0,0,0,42.03,641.4001,0
"2023-06-01 11:42:00",33,13.32,34.03,0,0,0,0,-0.1,-4,-1.715,0,29.07,29.08,29.07,0.009,51.94,51.94,51.47,0,0,0,0,42.5,641.4003,0
"2023-06-01 11:43:00",34,13.32,34.05,0,0,0,0,-0.1,-4,-1.715,0,29.02,29.08,28.97,0.055,51.82,51.82,51.33,0,0,0,0,52.5,641.3997,0
"2023-06-01 11:44:00",35,13.32,34.06,0,0,0,0,-0.1,-4,-1.715,0,28.9,28.91,28.9,0.009,52.22,52.39,52.22,0,0,0,0,68.37,641.4005,0
"2023-06-01 11:45:00",36,13.32,34.08,0,0,0,0,-0.1,-4,-1.715,0,28.89,28.9,28.88,0.006,52.49,52.49,52.49,0,0,0,0,17.16,641.4005,0
"2023-06-01 11:46:00",37,13.32,34.09,0,0,0,0,-0.1,-4,-1.715,0,28.87,28.88,28.86,0.013,52.48,52.48,52.46,0,0,0,0,3.721,641.4005,0
"2023-06-01 11:47:00",38,13.32,34.11,0,0,0,0,-0.1,-4,-1.715,0,28.85,28.85,28.85,0.001,52.43,52.69,52.43,0,0,0,0,351.5,641.4003,0
"2023-06-01 11:48:00",39,13.33,34.12,0,0,0,0,-0.1,-4,-1.715,0,28.93,28.98,28.88,0.051,52.41,52.48,52.41,0,0,0,0,7.352,641.4008,0
"2023-06-01 11:49:00",40,13.32,34.13,0,0,0,0,-0.1,-4,-1.715,0,29.22,29.28,29.16,0.061,51.83,52.28,51.83,0,0,0,0,89.7,641.4006,0
"2023-06-01 11:50:00",41,13.32,34.14,0,0,0,0,-0.1,-4,-1.715,0,29.52,29.52,29.52,0,50.64,50.64,50.64,0,0,0,0,102.6,641.3997,0
"2023-06-01 11:51:00",42,13.32,34.16,0,0,0,0,-0.1,-4,-1.715,0,29.65,29.68,29.62,0.033,50.31,50.48,50.31,0,0,0,0,136.8,641.4004,0
"2023-06-01 11:52:00",43,13.31,34.18,0,0,0,0,-0.1,-4,-1.715,0,29.74,29.75,29.74,0.003,50.51,50.51,50.42,0,0,0,0,115.2,641.4005,0
"2023-06-01 11:53:00",44,13.32,34.19,0,0,0,0,-0.1,-4,-1.715,0,29.88,29.95,29.81,0.071,50.75,50.77,50.75,0,0,0,0,328.1,641.4007,0
"2023-06-01 11:54:00",45,13.32,34.21,0,0,0,0,-0.1,-4,-1.715,0,30.09,30.14,30.05,0.041,50.29,50.58,50.29,0,0,0,0,33.99,641.4001,0
"2023-06-01 11:55:00",46,13.32,34.23,0,0,0,0,-0.1,-4,-1.715,0,30.37,30.44,30.3,0.074,50.23,50.23,49.91,0,0,0,0,164.8,641.4,0
"2023-06-01 11:56:00",47,13.33,34.26,0,0,0,0,-0.1,-4,-1.715,0,30.57,30.59,30.55,0.02,49.18,49.18,48.65,0,0,0,0,195.2,641.4,0
"2023-06-01 11:57:00",48,13.28,34.29,0,0,0,0,-0.1,-4,-1.715,0,30.41,30.45,30.37,0.042,49.25,49.25,49.04,0,0,0,0,176.1,641.4006,0
"2023-06-01 11:58:00",49,13.27,34.32,0,0,0,0,-0.1,-4,-1.715,0,30.26,30.29,30.22,0.035,48.89,49.55,48.89,0,0,0,0,156.8,641.3998,0
"2023-06-01 11:59:00",50,13.29,34.35,0,0,0,0,-0.1,-4,-1.715,0,30.12,30.14,30.1,0.021,49.51,49.56,49.51,0,0,0,0,167,641.4003,0
"2023-06-01 12:00:00",51,13.29,34.38,0,0,0,0,-0.1,-4,-1.715,0,30.13,30.15,30.12,0.015,50.04,50.04,49.81,0,0,0,0,72.44,641.4001,0
"2023-06-01 12:01:00",52,13.3,34.42,0,0,0,0,-0.1,-4,-1.715,0,30.2,30.23,30.18,0.028,49.05,49.06,49.05,0,0,0,0,191.1,641.4005,0
"2023-06-01 12:02:00",53,13.28,34.44,0,0,0,0,-0.1,-4,-1.715,0,30.11,30.13,30.09,0.02,49.21,49.21,48.96,0,0,0,0,266.8,641.4005,0
"2023-06-01 12:03:00",54,13.3,34.47,0,0,0,0,-0.1,-4,-1.715,0,30.11,30.12,30.1,0.01,49.12,49.37,49.12,0,0,0,0,97.9,641.4003,0
"2023-06-01 12:05:00",0,13.28,34.53,0,0,0,0,-0.252,-10.07,-4.317,0,30.55,30.55,30.55,0,47.85,47.85,47.85,0,0,0,0,235.8,641.4001,0
"2023-06-01 12:06:00",1,13.3,34.57,0,0,0,0,-0.289,-12,-5.146,0,30.29,30.37,30.22,0.074,48.68,48.68,48.39,0,0,0,0,326,641.4006,0
"2023-06-01 12:07:00",2,13.28,34.6,0,0,0,0,-0.308,-12.57,-5.389,0,30.09,30.12,30.07,0.023,49.6,49.6,49.19,0,0,0,0,72.87,641.4001,0
"2023-06-01 12:08:00",3,13.29,34.63,0,0,0,0,-0.316,-12.83,-5.501,0,29.96,29.99,29.93,0.029,49.81,49.81,49.5,0,0,0,0,21.08,641.4,0
"2023-06-01 12:09:00",4,13.29,34.66,0,0,0,0,-0.321,-12.98,-5.568,0,30,30.04,29.96,0.04,49.5,49.74,49.5,0,0,0,0,34.31,641.4007,0
"2023-06-01 12:10:00",5,13.28,34.68,0,0,0,0,-0.324,-13.1,-5.619,0,30.33,30.45,30.22,0.117,48.88,49.39,48.88,0,0,0,0,129.3,641.4006,0
"2023-06-01 12:11:00",6,13.28,34.71,0,0,0,0,-0.327,-13.22,-5.669,0,30.59,30.6,30.59,0.004,47.29,48.47,47.29,0,0,0,0,109.4,641.4,0
"2023-06-01 12:12:00",7,13.27,34.74,0,0,0,0,-0.329,-13.32,-5.713,0,30.45,30.52,30.38,0.07,48.15,48.15,47.74,0,0,0,0,88.7,641.4005,0
"2023-06-01 12:13:00",8,13.28,34.77,0,0,0,0,-0.331,-13.39,-5.742,0,30.34,30.37,30.31,0.027,48.6,48.6,48.27,0,0,0,0,30.9,641.4003,0
"2023-06-01 12:14:00",9,13.28,34.8,0,0,0,0,-0.332,-13.45,-5.766,0,30.4,30.42,30.38,0.023,48.37,48.55,48.37,0,0,0,0,67.08,641.4,0
"2023-06-01 12:15:00",10,13.28,34.83,0,0,0,0,-0.334,-13.5,-5.787,0,30.56,30.6,30.52,0.037,48.05,48.72,48.05,0,0,0,0,107.4,641.4001,0
"2023-06-01 12:16:00",11,13.28,34.86,0,0,0,0,-0.271,-11.78,-5.053,0,30.67,30.67,30.66,0.006,48.03,48.48,48.03,0,0,0,0,109.6,641.4003,0
"2023-06-01 12:17:00",12,13.28,34.89,0,0,0,0,-0.315,-12.9,-5.531,0,30.63,30.65,30.62,0.012,48.3,48.55,48.3,0,0,0,0,174.6,641.4005,0
"2023-06-01 12:18:00",13,13.28,34.92,0,0,0,0,-0.325,-13.17,-5.649,0,30.67,30.7,30.65,0.023,48.05,48.52,48.05,0,0,0,0,78.17,641.4,0
"2023-06-01 12:19:00",14,13.29,34.94,0,0,0,0,-0.329,-13.3,-5.703,0,30.78,30.79,30.76,0.014,47.75,48.29,47.75,0,0,0,0,38.12,641.4001,0
"2023-06-01 12:20:00",15,13.29,34.97,0,0,0,0,-0.331,-13.4,-5.745,0,30.71,30.82,30.61,0.104,47.28,47.28,47.13,0,0,0,0,48.86,641.4,0
"2023-06-01 12:21:00",16,13.28,35,0,0,0,0,-0.333,-13.47,-5.777,0,30.43,30.45,30.4,0.027,48.42,48.42,48.31,0,0,0,0,59.11,641.4003,0
"2023-06-01 12:22:00",17,13.27,35.03,0,0,0,0,-0.335,-13.53,-5.801,0,30.43,30.43,30.43,0,48.19,48.53,48.19,0,0,0,0,50.45,641.4002,0
"2023-06-01 12:23:00",18,13.27,35.06,0,0,0,0,-0.336,-13.59,-5.827,0,30.38,30.38,30.38,0.001,48.51,48.68,48.51,0,0,0,0,72.68,641.3998,0
"2023-06-01 12:24:00",19,13.28,35.08,0,0,0,0,-0.337,-13.64,-5.849,0,30.44,30.47,30.4,0.032,49.68,49.68,49.31,0,0,0,0,33.01,641.4009,0
"2023-06-01 12:25:00",20,13.28,35.11,0,0,0,0,-0.339,-13.69,-5.871,0,30.56,30.62,30.5,0.058,48.55,48.55,48.31,0,0,0,0,282.5,641.4003,0
"2023-06-01 12:27:00",21,13.28,35.18,0,0,0,0,-0.351,-13.97,-5.989,0,31.11,31.16,31.06,0.052,47.11,47.17,47.11,0,0,0,0,251.8,641.4,0
"2023-06-01 12:28:00",22,13.27,35.21,0,0,0,0,-0.341,-13.74,-5.893,0,31.28,31.28,31.28,0.005,46.59,46.61,46.59,0,0,0,0,55.46,641.4003,0
"2023-06-01 12:29:00",23,13.28,35.25,0,0,0,0,-0.341,-13.78,-5.908,0,31.33,31.38,31.29,0.042,46.83,46.83,46.62,0,0,0,0,73.16,641.4005,0
"2023-06-01 12:30:00",24,13.28,35.29,0,0,0,0,-0.343,-13.88,-5.951,0,31.56,31.58,31.54,0.022,46.12,46.12,45.88,0,0,0,0,121.2,641.4005,0
"2023-06-01 12:31:00",25,13.28,35.34,989,669.5,254.8,876,0.205,8.2,3.516,58.74,31.59,31.59,31.59,0,46.05,46.05,46.05,0,0,0,0,260.2,643.2342,0
"2023-06-01 12:32:00",26,13.27,35.44,992,667.4,255.5,880,0.205,8.2,3.518,58.72,31.47,31.49,31.45,0.023,46.62,46.62,45.98,2.888,2.975,2.8,0.088,132.4,1016.257,0
"2023-06-01 12:33:00",27,13.28,35.54,994,664.9,256.9,881,0.205,8.2,3.518,58.62,31.37,31.41,31.33,0.036,45.46,46.22,45.46,3.425,3.475,3.375,0.05,171.8,1016.264,0
"2023-06-01 12:34:00",28,13.29,35.64,970,641.4,257.9,857,0.201,8.01,3.433,57.39,31.25,31.25,31.25,0.001,45.92,46.8,45.92,2.063,2.225,1.9,0.163,150.4,1016.268,0
"2023-06-01 12:35:00",29,13.28,35.74,974,643.1,259.1,864,0.201,8.09,3.469,57.5,31.23,31.23,31.23,0.001,46.43,47.26,46.43,2.363,2.7,2.025,0.337,125.1,1016.222,0
"2023-06-01 12:36:00",30,13.24,35.84,978,642.3,260.2,869,0.202,8.01,3.437,57.58,31.31,31.35,31.27,0.041,46.76,46.9,46.76,1.137,1.65,0.625,0.513,317.5,1016.228,0
"2023-06-01 12:37:00",31,13.25,35.95,501.8,166.5,255.8,471.2,0.168,6.989,2.997,45.29,31.51,31.56,31.46,0.05,46.38,47.03,46.38,0.75,0.9,0.6,0.15,121.2,1016.207,0
"2023-06-01 12:38:00",32,13.25,36.06,978,658.9,259.8,868,0.202,8.13,3.484,57.64,31.66,31.67,31.65,0.009,45.05,45.07,45.05,1.637,1.65,1.625,0.012,164.4,1016.167,0
"2023-06-01 12:39:00",33,13.24,36.17,981,652,260.5,870,0.203,8.09,3.469,57.95,31.58,31.58,31.58,0.003,46.15,46.15,46.05,1.637,1.975,1.3,0.337,92.8,1016.173,0
"2023-06-01 12:40:00",34,13.25,36.24,982,656.1,260.9,870,0.203,8.14,3.492,58.11,31.52,31.57,31.48,0.042,45.84,45.84,45.14,1.438,1.95,0.925,0.513,47.25,1016.153,0
"2023-06-01 12:41:00",35,13.24,36.27,991,665.1,261,880,0.205,8.2,3.515,58.75,31.53,31.55,31.51,0.02,46.2,46.44,46.2,0.725,1.15,0.3,0.425,243.9,1016.12,0
"2023-06-01 12:42:00",36,13.24,36.29,1002,674.9,262.2,891,0.207,8.29,3.556,59.38,31.61,31.63,31.59,0.019,46.43,47.07,46.43,1.637,2.05,1.225,0.412,166.9,1016.108,0
"2023-06-01 12:43:00",37,13.25,36.3,1012,681.3,265.3,899,0.208,8.32,3.568,59.81,31.73,31.76,31.69,0.034,46.33,46.52,46.33,2.513,3.125,1.9,0.613,160.7,1016.073,0
"2023-06-01 12:44:00",38,13.25,36.31,1016,684.4,265.1,901,0.208,8.34,3.577,59.98,31.77,31.79,31.75,0.019,46.35,46.35,45.41,2.475,2.65,2.3,0.175,57.11,1016.092,0
"2023-06-01 12:45:00",39,13.25,36.32,1014,686.5,263.5,900,0.208,8.35,3.581,60.03,31.86,31.92,31.81,0.057,44.97,46.4,44.97,1.175,1.425,0.925,0.25,149.6,1016.067,0
