"TOA5","Esolmet_CR6_IP","CR6","9884","CR6.Std.12.01","CPU:20230531_Esolmet_CR6.CR6","58573","Table1_60min"
"TIMESTAMP","RECORD","BattV","PTemp_C","I_glo_Avg","I_dir_Avg","I_dif_Avg","I_glo_inc_Avg","I_uv_Avg","Indice_UV_1","Indice_UV_2","I_UVA_Avg","AirTC_Avg","AirTC_Max","AirTC_Min","AirTC_Std","RH","RH_Max","RH_Min","WS_ms_Avg","WS_ms_Max","WS_ms_Min","WS_ms_Std","WindDir","CS106_PB_Avg","Rain_mm_Tot"
"TS","RN","Volts","Deg C","W/m2","W/m2","W/m2","W/m2","W/m2","I-UV","MED/hr","W/m2","Deg C","Deg C","Deg C","Deg C","%","%","%","meters/second","meters/second","meters/second","meters/second","degrees","mbar","mm"
"","","Smp","Smp","Avg","Avg","Avg","Avg","Avg","Smp","Smp","Avg","Avg","Max","Min","Std","Smp","Max","Min","Avg","Max","Min","Std","Smp","Avg","Tot"
"2023-05-31 19:00:00",0,10.65,30.33,9.46,10.85,7.205,6.575,0,0.017,0.007,0.354,27.75,27.78,27.72,0.023,60.46,60.46,60.1,0,0,0,0,344.7,641.4001,0
"2023-05-31 20:00:00",1,10.62,28.63,0,8.99,0,0,0,0.012,0.005,0.001,27.02,27.11,26.9,0.07,60.84,60.86,59.83,0,0,0,0,341.5,641.4002,0
"2023-05-31 21:00:00",2,8.68,27.62,0,8.75,0,0,0,0.012,0.005,0.001,26.57,26.61,26.55,0.017,61.26,61.92,60.72,0,0,0,0,317.5,641.4,0
"2023-06-01 08:00:00",3,9.05,24.88,0,0,0,0,-0.1,-4,-1.715,0,25.63,25.97,25.25,0.237,66.41,68.61,65.9,0,0,0,0,57.63,641.4005,0
"2023-06-01 09:00:00",4,13.54,28.64,0,0,0,0,-0.1,-4,-1.715,0,27.04,27.14,26.96,0.064,62.66,62.66,61.6,0,0,0,0,178.2,641.4008,0
"2023-06-01 10:00:00",5,13.44,31.34,0,0,0,0,-0.1,-4,-1.715,0,27.61,27.87,27.38,0.147,59.71,61.89,59.71,0,0,0,0,160.2,641.4005,0
"2023-06-01 11:00:00",6,13.39,32.73,0,0,0,0,-0.1,-4,-1.715,0,28.42,28.96,27.88,0.395,57.03,57.82,53.37,0,0,0,0,89.5,641.4005,0
"2023-06-01 12:00:00",0,13.29,34.38,0,0,0,0,-0.1,-4,-1.715,0,30.09,30.59,29.52,0.306,50.04,50.77,48.65,0,0,0,0,72.44,641.4003,0
"2023-06-01 13:00:00",0,13.24,36.49,985,656.2,262.4,876,0.205,8.2,3.517,58.7,31.48,32.13,30.86,0.314,46.18,47.26,44.14,2.275,4.15,0,0.941,154.6,1009.739,0
"2023-06-01 14:00:00",1,13.19,37.18,830,451.3,313.8,737.2,0.169,6.747,2.893,49.68,32.03,33.05,31.01,0.525,43.3,46,40.57,1.792,4.2,0,0.919,136.5,1015.397,0
"2023-06-01 15:00:00",2,13.21,36.97,553,203.1,310,497,0.106,4.433,1.901,34.52,32.45,32.94,31.98,0.241,40.88,43.41,39.83,2.578,6.325,0,1.182,153.5,1014.677,0
"2023-06-01 16:00:00",3,12.97,36.35,357.7,178.5,182.5,327.2,0.055,0.968,0.415,20.97,32.66,33.9,31.8,0.603,42.08,43.12,38.28,1.759,4.725,0,0.977,273.1,1013.94,0
"2023-06-01 17:00:00",4,12.26,34.59,155.9,8.68,133.3,144.8,0.022,0.757,0.325,11.12,31.94,32.4,30.96,0.405,46.03,47.61,40.61,1.39,3.075,0,0.752,315.1,1013.554,0
"2023-06-01 18:00:00",5,10.89,34.2,197.1,106.4,135.1,168,0.013,0.144,0.062,9.73,31.62,32.03,30.99,0.259,42.88,47.67,42.42,1.538,3.75,0,0.979,14.45,1013.415,0
"2023-06-01 19:00:00",6,12.19,29.96,34.84,0.395,29.47,33.92,0.001,0.02,0.009,0.535,27.52,28.17,27.08,0.385,71.91,78.26,70.21,1.455,1.75,0,0.422,321.3,987.848,0
"2023-06-01 20:00:00",7,12.18,29.55,5.741,0.151,5.006,6.302,0,0.011,0.005,0.082,28.36,29.27,27.22,0.534,65.53,76,57.75,1.376,2.2,0,0.398,32.68,1014.241,0
"2023-06-01 21:00:00",8,12.19,28.74,0.008,0.012,0,0,0,0.01,0.004,0,27.27,28.09,26.69,0.464,70.33,72.56,62.88,1.304,2.675,0.25,0.413,309.6,1015.041,0
"2023-06-01 22:00:00",9,12.19,26.45,0.272,0.175,0,2.501,0,0.011,0.005,0,26.1,26.75,25.46,0.361,63.88,82,63.45,0.857,2.35,0,0.789,326.8,1016.003,0
"2023-06-01 23:00:00",10,12.18,26.34,0,0.018,0,0.176,0,0.011,0.005,0,25.43,26.64,24.9,0.52,70.76,74.35,64.15,1.86,2.95,1,0.392,4.451,1016.386,0
"2023-06-02 00:00:00",11,12.18,25.98,0,0.031,0,0,0,0.011,0.005,0,25.22,25.45,24.59,0.209,70.04,70.96,66.63,1.153,2.35,0,0.845,188.9,1016.185,0
"2023-06-02 01:00:00",12,12.18,25.39,0,0.027,0,0,0,0.011,0.005,0,24.53,25.06,23.94,0.328,67.13,73.87,61.98,1.108,1.775,0,0.479,338.8,1015.773,0
"2023-06-02 02:00:00",13,12.19,24.53,0,0.018,0,0,0,0.01,0.004,0,23.48,23.92,23.12,0.188,65.21,70.18,63.4,1.751,2.525,0.975,0.286,324.2,1015.462,0
"2023-06-02 03:00:00",14,12.18,23.78,0,0.007,0,0,0,0.011,0.005,0,22.77,23.56,22.04,0.516,72.12,73.1,63.54,1.511,2.375,0.575,0.301,333.7,1015.161,0
"2023-06-02 04:00:00",15,12.17,23.18,0,0.051,0,0,0,0.01,0.004,0,22.19,22.85,21.64,0.293,70.55,75.51,67.04,1.781,2.5,1,0.423,333.1,1015.166,0
"2023-06-02 05:00:00",16,12.19,23.01,0,0.023,0,0,0,0.011,0.005,0,22.06,22.63,21.57,0.335,73.29,74.38,69.35,2.215,2.575,1.875,0.156,338,1015.535,0
"2023-06-02 06:00:00",17,12.19,22.44,0.149,0.024,0.091,0.053,0,0.018,0.008,0.036,21.32,21.76,20.79,0.236,76.82,78.36,72.88,1.559,2.425,0,0.597,333.9,1015.875,0
"2023-06-02 07:00:00",18,12.18,22.6,53.16,57.51,36.68,40.77,0.002,0.22,0.094,2.611,21.02,22.19,20.6,0.443,74.03,79.5,73.82,1.278,2.35,0,0.723,321.6,1016.452,0
"2023-06-02 08:00:00",19,12.18,25.2,211.9,247,100,169.6,0.014,1.008,0.432,10.41,23.41,25.48,22.2,0.993,60.84,74.92,60.84,0.81,1.85,0,0.637,309.6,1016.802,0
"2023-06-02 09:00:00",20,12.19,29.46,458.8,464.7,165.8,383,0.044,2.649,1.136,22.78,27.18,28.67,25.52,0.781,61.14,62.51,51.96,1.449,3.6,0,1.004,185.3,1017.058,0
"2023-06-02 10:00:00",21,12.19,31.83,667.2,613.3,174.9,585.2,0.094,4.896,2.099,36.16,27.59,28.44,26.29,0.605,56.07,61.98,53.35,1.354,2.7,0,0.644,156.2,1017.111,0
"2023-06-02 11:00:00",22,12.18,33.17,840,681,192.1,750.3,0.149,6.946,2.979,47.57,28.24,28.88,27.45,0.335,58.8,58.8,54.24,2.267,4.075,0.45,0.834,195.7,1016.645,0
"2023-06-02 12:00:00",23,12.18,34.96,954,730.3,195.6,855,0.194,8.17,3.503,55.88,29.8,31.28,28.35,0.793,48.69,57.54,47.07,1.923,4.375,0,0.865,93.8,1016.017,0
"2023-06-02 13:00:00",24,12.18,36.39,1000,754.1,192.8,895,0.212,8.43,3.614,59.24,31.44,33,30.27,0.574,41.49,47.8,40.5,1.881,4.275,0,0.99,117,1014.981,0
"2023-06-02 14:00:00",25,12.19,38.01,968,746.4,191.3,864,0.196,6.984,2.995,57.03,32.65,33.61,31.86,0.491,36.71,41.76,35.3,2.486,5.9,0.35,1.131,168.7,1014.051,0
"2023-06-02 15:00:00",26,12.19,39.22,840,641,220.6,746.7,0.14,4.388,1.882,46.94,33.55,34.36,32.47,0.462,33.39,37.06,32.12,2.221,4.2,0,1.033,319.1,1013.167,0
"2023-06-02 16:00:00",27,12.19,40.24,687.1,544.7,235,599.7,0.085,2.328,0.998,35.45,34.9,35.89,33.97,0.555,30.53,35.77,29.32,1.705,3.325,0,0.732,87.4,1012.285,0
"2023-06-02 17:00:00",28,12.18,40.5,514.6,421.9,228.4,437.3,0.04,1.139,0.489,22.92,35.55,36.58,34.55,0.651,31.07,33.29,28.47,1.495,3.125,0,0.685,32.77,1011.693,0
"2023-06-02 18:00:00",29,12.18,39.73,262.2,296.4,132.9,204.2,0.016,0.266,0.114,12.12,35.74,36.29,35.2,0.232,29.63,31.11,29.13,0.773,2.375,0,0.592,178.8,1011.375,0
"2023-06-02 19:00:00",30,12.19,37.05,63.76,101.5,39.42,43.19,0.003,0.025,0.011,3.304,34.44,35.92,33.13,0.977,36.59,37.16,29.28,0.359,1.55,0,0.454,30.18,1011.351,0
"2023-06-02 20:00:00",31,12.17,33.58,0.511,0,0.209,0.153,0,0.012,0.005,0.103,31.77,33.1,30.7,0.674,44.68,46.97,36.78,0.757,1.675,0,0.605,334.4,1011.862,0
"2023-06-02 21:00:00",32,12.19,31.52,0,0.014,0,0,0,0.011,0.005,0.001,29.97,30.76,29.53,0.325,48.36,49.89,43.79,1.029,2.675,0,0.768,342.2,1012.55,0
"2023-06-02 22:00:00",33,12.17,29.94,0,0.028,0,0,0,0.01,0.004,0.001,28.65,29.54,28.17,0.303,49.75,56.24,48.34,0.798,2.275,0,0.763,291.9,1012.966,0
"2023-06-02 23:00:00",34,12.19,29.51,0,0.079,0,0,0,0.01,0.004,0.001,28.43,28.79,27.89,0.216,52.23,55.79,49.98,0.802,2.45,0,0.58,142.2,1014.041,0
"2023-06-03 00:00:00",35,12.19,28.92,0,0.008,0,0,0,0.011,0.005,0,27.66,28.39,26.86,0.45,59.45,60.94,51.71,0.772,1.775,0,0.616,220.6,1014.702,0
"2023-06-03 01:00:00",36,12.17,28.57,0,0.037,0,0,0,0.01,0.004,0,27.22,27.43,26.91,0.175,59.38,61.42,57.75,1.48,3.05,0,0.778,338.9,1014.739,0
"2023-06-03 02:00:00",37,12.19,27.42,0,0,0,0,0,0.011,0.005,0,26.18,26.94,25.36,0.5,61.22,63.7,58.71,0.929,1.8,0,0.514,0.365,1014.815,0
"2023-06-03 03:00:00",38,12.18,26.36,0,0.028,0,0,0,0.011,0.005,0,25.38,25.58,25.11,0.129,59.75,62.23,56.02,0.438,1.425,0,0.541,336.3,1014.304,0
"2023-06-03 04:00:00",39,12.18,25.58,0,0.008,0,0,0,0.01,0.004,0,24.62,25.32,23.87,0.342,64.92,65.15,58.34,0.547,2.025,0,0.601,332.8,1013.84,0
"2023-06-03 05:00:00",40,12.17,24.61,0,0,0,0,0,0.011,0.005,0,23.47,23.92,22.74,0.34,70.37,73.1,64.06,0.614,1.575,0,0.567,331.1,1013.974,0
"2023-06-03 06:00:00",41,12.18,24.05,0.114,0.045,0.066,0.021,0,0.02,0.008,0.037,22.92,23.2,22.49,0.163,69.65,70.66,65.66,1.677,2.15,1.2,0.253,318.9,1014.319,0
"2023-06-03 07:00:00",42,12.18,24.06,54.5,105.8,30.7,36.53,0.002,0.221,0.095,2.72,22.27,22.89,21.82,0.287,67.15,71.98,65.99,1.649,2.1,1.025,0.244,351.4,1014.867,0
"2023-06-03 08:00:00",43,12.18,27.17,234.8,370.2,88.7,176.5,0.013,0.967,0.415,10.9,25.13,27.26,22.91,1.393,58.29,67.22,56.95,0.771,1.725,0,0.505,83.7,1015.301,0
"2023-06-03 09:00:00",44,12.17,30.79,448.1,519.2,132,370.5,0.041,2.45,1.051,22.2,28.22,29.39,26.77,0.79,55.52,59.51,53.26,1.007,2.5,0,0.639,160.2,1015.637,0
"2023-06-03 10:00:00",45,12.18,32.7,657,608,169.3,577.3,0.085,4.402,1.888,34.59,28.65,29.59,28.11,0.354,53.56,59.4,53.56,1.715,3.25,0,0.834,122.1,1015.767,0
"2023-06-03 11:00:00",46,12.18,34.55,831,680.8,184.4,743.4,0.138,6.526,2.798,46.17,29.75,30.72,29.17,0.285,51.35,55.68,51.35,1.654,3.975,0,0.81,169.4,1015.383,0
"2023-06-03 12:00:00",47,12.18,35.65,939,721.9,187.8,843,0.18,7.749,3.323,54.19,30.43,31.67,29.33,0.6,46.64,55.21,46.64,1.869,4.875,0,0.949,252.9,1014.573,0
"2023-06-03 13:00:00",48,12.17,36.95,987,743.1,190.1,883,0.196,7.754,3.325,57.57,31.89,32.94,30.99,0.486,44.69,48.4,42.36,2.129,4.475,0,1,228.4,1013.736,0
"2023-06-03 14:00:00",49,12.18,38.72,945,655.4,242.2,837,0.178,5.056,2.168,54.65,33.13,34.21,31.71,0.758,38.89,44.47,37.22,2.117,5.1,0,1.088,155.3,1013.035,0
"2023-06-03 15:00:00",50,12.19,40.16,794.7,569,235.1,702.9,0.131,4.465,1.915,45.03,34.33,35.3,33.63,0.383,37.55,40,35.49,1.416,3.4,0,0.839,276.7,1011.97,0
"2023-06-03 16:00:00",51,12.18,40.65,685.6,580.2,207.8,594,0.087,2.559,1.097,36.5,34.87,35.6,33.88,0.38,34.44,38.14,33.18,1.939,4.15,0,0.928,160.3,1010.846,0
"2023-06-03 17:00:00",52,12.18,41.03,479.1,492.6,165.6,395.7,0.043,0.979,0.42,23.93,36,36.71,34.79,0.449,32.15,34.7,30.38,1.812,4.3,0,0.942,168.3,1009.996,0
"2023-06-03 18:00:00",53,12.18,39.67,272,395.4,110.1,203.6,0.015,0.284,0.122,12.44,35.71,36.66,35.14,0.406,31.59,32.64,30.34,1.944,3.7,0,0.795,97.9,1009.895,0
"2023-06-03 19:00:00",54,12.18,37.34,74.03,146.5,41.84,48.26,0.003,0.028,0.012,3.559,34.69,35.24,33.56,0.466,34.27,34.31,31.37,1.043,2.5,0,0.65,153.6,1010.176,0
"2023-06-03 20:00:00",55,12.19,33.96,0.748,0.006,0.428,0.311,0,0.009,0.004,0.114,32.36,33.54,31.33,0.624,44.06,44.4,33.57,0.304,1.65,0,0.411,97.6,1010.88,0
"2023-06-03 21:00:00",56,12.18,31.82,0,0.067,0,0,0,0.011,0.005,0.001,30.36,31.34,29.37,0.539,36.63,51.73,36.07,1.801,8.65,0,1.762,43.72,1012.412,0
"2023-06-03 22:00:00",57,12.19,29.89,0,0.03,0,0,0,0.01,0.004,0.001,28.61,29.39,27.07,0.744,39.82,39.82,32.85,2.004,5.25,0,0.911,280.3,1014.415,0
"2023-06-03 23:00:00",58,12.19,27.74,0,0.002,0,0,0,0.011,0.005,0,26.4,27.05,25.79,0.372,43.78,44.02,39.54,3.492,5.225,2.125,0.619,207.6,1015.628,0
"2023-06-04 00:00:00",59,12.19,26.8,0,0.028,0,0,0,0.012,0.005,0,25.58,25.81,25.13,0.15,47.62,47.85,43.68,2.22,4.65,0,1.246,18.86,1016.574,0
"2023-06-04 01:00:00",60,12.17,25.55,0,0.027,0,0,0,0.011,0.005,0,24.47,25.08,23.96,0.33,51.08,52.49,47.13,1.478,2.575,0.275,0.48,218,1016.85,0
"2023-06-04 02:00:00",61,12.18,24.68,0,0.017,0,0,0,0.011,0.005,0,23.91,24.35,23.36,0.32,51.71,53.96,49.93,1.224,2.425,0,0.689,0,1016.032,0
"2023-06-04 03:00:00",62,12.18,23.58,0,0.004,0,0,0,0.011,0.005,0,22.84,23.44,22.49,0.152,58.16,58.16,51.63,0.66,2.175,0,0.682,97.5,1015.089,0
"2023-06-04 04:00:00",63,12.18,22.82,0,0.038,0,0,0,0.01,0.004,0,21.86,22.47,21.04,0.353,57.03,61.2,55.84,1.749,2.675,0,0.622,335.1,1014.645,0
"2023-06-04 05:00:00",64,12.18,22.3,0,0.044,0,0,0,0.011,0.005,0,21.4,21.78,21.02,0.233,59.16,59.4,54.09,2.017,2.675,1.175,0.255,333.9,1014.548,0
"2023-06-04 06:00:00",65,12.19,21.62,0.166,0.009,0.076,0.013,0,0.02,0.009,0.041,20.7,21.68,20.07,0.482,58.6,60.61,53.64,2.116,2.95,1.025,0.429,348.9,1014.521,0
"2023-06-04 07:00:00",66,12.17,22.27,63.16,198.5,26.36,35.83,0.002,0.243,0.104,3.02,20.8,21.34,20.02,0.307,58.11,59.48,55.1,1.867,2.95,1.025,0.403,332.1,1014.689,0
"2023-06-04 08:00:00",67,12.17,26.03,262.8,541.3,64.71,185.9,0.015,1.07,0.459,12.27,24.1,26.73,21.19,1.678,42.7,57.31,42.22,0.474,2.025,0,0.618,345,1014.938,0
"2023-06-04 09:00:00",68,12.18,30.4,492.7,703.3,86.2,398,0.047,2.75,1.179,25.36,28.75,30.5,26.74,1.001,37.94,43.42,32.99,0.73,2.3,0,0.713,149.7,1015.228,0
"2023-06-04 10:00:00",69,12.18,32.56,711.5,795,101,619.9,0.098,5.099,2.187,39.43,28.87,29.83,27.83,0.461,37.09,39.8,35.56,1.615,2.75,0,0.611,128.7,1015.44,0
"2023-06-04 11:00:00",70,12.18,34.45,890,856,104.6,792.9,0.158,7.368,3.16,52.16,30,31.14,29.21,0.511,32.56,37.24,30.15,2.17,3.5,0,0.677,196.7,1015.122,0
"2023-06-04 12:00:00",71,12.18,35.85,994,868,115.1,890,0.201,8.5,3.644,59.83,31.31,32.16,29.97,0.461,31.49,33.55,29.49,2.321,4.325,0,0.979,93.5,1014.539,0
"2023-06-04 13:00:00",72,12.18,37.34,1017,836,136.2,909,0.209,8.19,3.513,60.91,32.82,33.43,32,0.357,28.25,32.36,28.06,2.188,4.525,0,1.001,189.9,1013.605,0
"2023-06-04 14:00:00",73,12.19,38.87,984,813,149.6,878,0.195,7.328,3.142,58.57,33.78,34.45,32.89,0.436,26.26,28.96,25.82,1.807,3.725,0,0.904,263.4,1012.835,0
"2023-06-04 15:00:00",74,12.19,40.42,909,782.4,168.7,801,0.158,5.33,2.285,52.42,34.94,36.01,34.15,0.453,24.47,27.22,24.03,2.08,3.775,0,0.832,88.3,1011.963,0
"2023-06-04 16:00:00",75,12.19,41.31,617.9,537.5,170.3,537.5,0.093,1.646,0.706,35.85,36.16,36.99,35.44,0.372,25.99,26.25,23.46,1.939,4.7,0,1.058,203.2,1011.164,0
"2023-06-04 17:00:00",76,12.18,38.03,161.4,30.27,121.3,144,0.033,0.724,0.31,15.22,34.81,35.51,34.15,0.283,29.25,29.35,25.89,1.838,4.725,0,0.97,108.3,1010.41,0
"2023-06-04 18:00:00",77,12.18,36.18,75.63,2.024,64.28,66.75,0.011,0.24,0.103,7.483,34.15,34.31,34.04,0.062,30.13,30.13,27.59,0.438,2.2,0,0.527,81.5,1010.225,0
"2023-06-04 19:00:00",78,12.18,34.22,39.89,35.24,29.91,30.05,0.003,0.031,0.013,3.213,32.55,34.02,30.88,0.728,38.6,40.61,29.73,1.259,2.4,0,0.679,328.7,1010.164,0
"2023-06-04 20:00:00",79,12.18,31.98,0.839,0.014,0.586,0.388,0,0.011,0.005,0.122,30.59,31.24,30.15,0.342,35.72,38.99,31.86,2.861,4.725,1.95,0.636,295.9,1010.535,0
"2023-06-04 21:00:00",80,12.19,31.39,0,0.059,0,0,0,0.011,0.005,0.001,30.36,30.56,30.07,0.114,31.06,36.23,30.91,2.848,3.95,1.7,0.456,273.7,1011.482,0
"2023-06-04 22:00:00",81,12.18,30,0,0,0,0,0,0.013,0.005,0.001,29.02,30.37,27.69,0.781,40.19,41.07,31.1,1.621,3.05,0,0.903,3.729,1012.279,0
"2023-06-04 23:00:00",82,12.18,28.01,0,0.03,0,0,0,0.012,0.005,0,26.9,27.69,26.24,0.382,40.82,45.82,39.29,1.739,2.675,0,0.483,3.703,1012.826,0
"2023-06-05 00:00:00",83,12.17,26.82,0,0.059,0,0,0,0.013,0.006,0,25.94,26.88,25.07,0.439,46,48.9,40.45,1.566,3,0,0.766,338.6,1013.486,0
"2023-06-05 01:00:00",84,12.17,25.92,0,0.012,0,0,0,0.012,0.005,0,24.98,25.97,24.18,0.453,54.99,54.99,44.16,1.574,2.75,0,0.482,338.6,1013.943,0
"2023-06-05 02:00:00",85,12.18,25.18,0,0.058,0,0,0,0.011,0.005,0,24.23,24.99,23.82,0.315,53.62,56.86,52.06,1.984,2.9,0.4,0.447,348.9,1013.82,0
"2023-06-05 03:00:00",86,12.19,25.13,0,0.012,0,0,0,0.012,0.005,0,24.54,24.85,24.21,0.159,55.05,56.75,50.15,1.324,2.375,0,0.548,26.16,1013.971,0
"2023-06-05 04:00:00",87,12.17,24.95,0,0.049,0,0,0,0.011,0.005,0,24.54,24.75,23.97,0.19,57.06,59.5,54.8,0.874,1.775,0,0.571,337.9,1014.364,0
"2023-06-05 05:00:00",88,12.18,24.58,0,0.011,0,0,0,0.013,0.006,0,23.8,24.16,23.47,0.226,62.61,62.93,53.03,1.409,1.9,0.575,0.221,35.19,1014.65,0
"2023-06-05 06:00:00",89,12.17,23.94,0.083,0.011,0.038,0.033,0,0.019,0.008,0.037,23.25,23.57,23.05,0.102,65.89,66.68,60.61,0.623,1.45,0,0.545,341.5,1014.741,0
"2023-06-05 07:00:00",90,12.19,24.16,51.54,88.2,30.24,35.69,0.002,0.225,0.096,2.733,22.84,23.69,22.35,0.359,61.38,68.91,60.48,1.263,2.175,0,0.703,332.8,1015.286,0
"2023-06-05 08:00:00",91,12.18,27.59,236.7,382.2,85.7,174,0.014,1.016,0.436,11.2,25.66,27.05,23.69,1.178,55.13,61.66,54.78,0.324,1.375,0,0.466,291.9,1015.777,0
"2023-06-05 09:00:00",92,12.16,30.87,462.4,569.1,120.1,377.3,0.044,2.616,1.122,23.44,28.1,29.38,26.86,0.714,48.46,55.47,48.4,0.644,1.875,0,0.5,132,1015.914,0
"2023-06-05 10:00:00",93,12.19,32.67,682.1,679.4,144.7,595.5,0.093,4.809,2.062,36.89,28.73,29.51,28.16,0.263,49.98,52.97,48.03,1.482,3.1,0,0.731,202.4,1015.994,0
"2023-06-05 11:00:00",94,12.19,34.26,853,738.5,159.9,759.7,0.147,6.859,2.941,48.42,29.57,30.35,28.83,0.346,47.48,50.26,46.2,1.721,4.25,0,1.123,155.7,1015.679,0
"2023-06-05 12:00:00",95,12.18,35.09,962,768.6,169.7,864,0.189,7.99,3.426,56.34,30.07,31.54,29.15,0.499,42.26,49.75,41.7,2.531,5.05,0,1.138,114.1,1015.118,0
"2023-06-05 13:00:00",96,12.18,36.54,1005,760.9,190.5,898,0.203,7.924,3.398,59.04,31.53,32.18,30.73,0.337,39.16,43.37,38.94,2.563,6.25,0.3,1.18,183.1,1014.413,0
"2023-06-05 14:00:00",97,12.19,37.86,947,635,255.7,845,0.176,6.736,2.888,54.32,32.64,33.4,31.34,0.466,33.28,39.83,32.1,3.048,6.325,0,1.343,119.1,1013.584,0
"2023-06-05 15:00:00",98,12.19,36.71,466.1,186.3,231.7,423.2,0.09,1.108,0.475,29.87,32.51,34.05,29.95,0.846,39.51,39.51,32.17,2.708,6,0,1.162,88.2,1012.959,0
"2023-06-05 16:00:00",99,12.19,33.44,370.8,267.2,153.8,322.3,0.048,2.868,1.23,21.21,29.55,32.15,28.14,1.147,35.95,45.8,35.55,3.742,6.575,0.95,1.222,50.08,1012.612,0
"2023-06-05 17:00:00",100,12.16,34.89,505.4,550.8,160.7,428.6,0.048,1.183,0.507,25.68,30.75,33.35,28.46,1.612,41.78,50.7,33.15,3.172,10.85,0.35,1.961,126.9,1012.412,0
"2023-06-05 18:00:00",101,12.18,34.64,281,429.8,108.3,211.9,0.017,0.308,0.132,13.41,30.51,31.12,30.1,0.242,37.46,41.2,36.49,1.963,4.8,0,0.857,295.8,1012.703,0
"2023-06-05 19:00:00",102,12.19,31.85,78.73,177.4,41.72,51.34,0.003,0.031,0.013,3.862,29.29,30.39,28.88,0.381,41.53,41.7,37.79,2.354,3.55,1.35,0.488,236.5,1012.829,0
"2023-06-05 20:00:00",103,12.19,30.04,1.14,0.008,0.789,0.536,0,0.012,0.005,0.124,28.33,28.94,28.03,0.213,45.15,45.54,41.65,1.016,2.525,0,0.954,9.92,1013.515,0
"2023-06-05 21:00:00",104,12.18,29.58,0,0.008,0,0,0,0.01,0.004,0.001,27.87,28.18,27.32,0.244,46.88,49,44.47,0.696,2.375,0,0.773,284.9,1014.22,0
"2023-06-05 22:00:00",105,12.18,28.8,0,0.026,0,0,0,0.01,0.004,0.001,27.08,27.61,26.64,0.334,44.49,51.7,43.93,1.732,4.525,0,1.075,97.4,1015.343,0
"2023-06-05 23:00:00",106,12.19,27.62,0.01,0.01,0,0,0,0.009,0.004,0.001,25.65,26.75,23.92,0.85,61.66,61.66,43.18,2.518,5.975,0.475,0.918,55.59,1016.865,0
"2023-06-06 00:00:00",107,12.18,24.76,0.155,0,0,0,0,0.011,0.005,0,22.07,23.92,20.57,0.943,75.52,75.52,61.9,2.374,6.025,0,1.201,310.6,1018.583,0
"2023-06-06 01:00:00",108,12.18,23.57,0,0.055,0,0,0,0.011,0.005,0,21.03,21.42,20.51,0.275,74.77,79.11,74.77,1.627,4.5,0,0.863,121.9,1018.912,0
"2023-06-06 02:00:00",109,12.18,21.05,0.894,0.029,0,0.033,0,0.01,0.004,0,19.53,21.4,18.96,0.88,95.3,96.7,74.5,1.402,4.2,0,1.165,28.36,1019.613,0.1
"2023-06-06 03:00:00",110,12.17,20.06,0.124,0.037,0,0.004,0,0.011,0.005,0,18.26,19,17.77,0.418,98.2,100,94.8,0.997,2.525,0,0.678,94.6,1019.871,0
"2023-06-06 04:00:00",111,12.18,20.02,0.002,0.074,0.304,0.932,0,0.01,0.004,0.001,18.33,18.78,18,0.278,96.3,98.9,95.4,0.391,1.475,0,0.492,261.5,1019.685,0
"2023-06-06 05:00:00",112,12.18,20.57,0.01,0.055,0.264,0.655,0,0.012,0.005,0.001,18.91,19.2,18.75,0.138,97.1,98.2,95,0.103,1.025,0,0.253,42.96,1019.296,0
"2023-06-06 06:00:00",113,12.19,20.67,0.227,0.011,0.234,0.188,0,0.018,0.008,0.041,19.26,19.39,19.15,0.055,96.6,98.5,96.5,0.026,0.825,0,0.128,2.764,1019.048,0
"2023-06-06 07:00:00",114,12.18,21.21,58.15,128.6,31.26,37.75,0.002,0.241,0.104,3.001,19.33,20.08,18.94,0.292,96.3,99.3,95.5,0.029,0.875,0,0.146,108.7,1018.671,0
"2023-06-06 08:00:00",115,12.18,23.91,253.4,386.8,98.4,188.9,0.014,1.051,0.451,11.85,20.87,22.2,20.1,0.626,90.3,96.3,88.4,0.266,2.025,0,0.493,135.6,1018.884,0
"2023-06-06 09:00:00",116,12.17,26.35,480.5,550.3,142.8,397,0.045,2.686,1.152,24.75,22.37,22.71,21.91,0.198,82.9,90.3,82.6,0.972,3.025,0,0.888,117,1018.721,0
"2023-06-06 10:00:00",117,12.19,28.48,692.9,682,152.1,605.3,0.096,4.958,2.126,38.88,23.35,24.41,22.43,0.525,74.82,84.8,72.66,1.236,2.8,0,0.676,25.01,1018.237,0
"2023-06-06 11:00:00",118,12.18,30.73,865,739.6,169.1,772.2,0.154,7.175,3.077,51.03,25.02,25.83,24.24,0.395,67.53,75.32,64.8,1.456,3.4,0,0.712,167.2,1017.891,0
"2023-06-06 12:00:00",119,12.19,32.14,862,619,202.9,770.7,0.184,5.04,2.161,53.97,26.21,27,25.29,0.529,63.67,68.54,59.97,1.841,4.65,0,0.953,148,1017.123,0
"2023-06-06 13:00:00",120,12.18,31.72,398.5,29.88,300.6,363.8,0.113,1.988,0.852,31.18,26.69,27.12,25.91,0.402,55.95,66.9,53.29,1.235,3.275,0,0.92,155.2,1016.55,0
"2023-06-06 14:00:00",121,12.18,32.58,385.4,33.88,292.2,355.4,0.091,2.799,1.2,27.25,27.48,28.49,26.46,0.696,55.35,64.48,50.73,0.437,1.725,0,0.433,325.9,1015.869,0
"2023-06-06 15:00:00",122,12.17,30.85,130.6,0.039,111.5,128.8,0.031,0.575,0.246,10.53,26.98,28.27,26.31,0.614,59.33,62.07,50.54,0.779,1.85,0,0.545,342.8,1015.274,0
"2023-06-06 16:00:00",123,12.19,29.18,129.9,0.111,111,118.7,0.026,1.152,0.494,10.32,26.15,26.58,25.78,0.224,64.22,65.08,57.42,2.185,4.075,0.7,0.822,308.1,1014.689,0
"2023-06-06 17:00:00",124,12.18,29.04,222.6,58.72,161,198.7,0.031,1.355,0.581,15.32,26.46,28.19,25.8,0.502,48.93,63.13,48.64,2.664,4.8,0.525,0.822,263.4,1013.844,0
"2023-06-06 18:00:00",125,12.16,31.84,220.2,279.9,94.6,176.4,0.017,0.226,0.097,12.4,28.69,30.36,27.65,0.75,51.28,55.67,44.36,0.796,3.8,0,0.939,157.8,1013.54,0
"2023-06-06 19:00:00",126,12.18,29.32,28.74,0,23.96,24.29,0.003,0.024,0.01,2.883,26.89,27.66,25.62,0.475,62.95,68.61,50.22,1.17,2.125,0,0.534,39.16,1013.861,0
"2023-06-06 20:00:00",127,12.19,27.18,0.1,0.079,0,0,0,0.011,0.005,0.065,25.15,25.83,24.71,0.357,66.98,72.28,61.01,2.196,3.85,0,0.874,333.4,1014.751,0
"2023-06-06 21:00:00",128,12.19,25.71,0,0.197,0,0.174,0,0.011,0.005,0,24.15,24.72,23.84,0.227,69.05,74.28,65.45,1.875,3.75,0,1.193,215.7,1015.179,0
"2023-06-06 22:00:00",129,12.18,22.75,0.695,0.172,0,0.152,0,0.013,0.005,0,22.92,24.5,21.17,1.28,80.8,87.6,66.08,3.248,7.5,0,2.041,238,1016.452,0
"2023-06-06 23:00:00",130,12.18,22.26,0.007,0.024,0,0.057,0,0.011,0.005,0.001,20.6,21.92,20.04,0.505,96.3,96.5,80.5,2.066,5.575,0,1.225,343.6,1017.774,0
"2023-06-07 00:00:00",131,12.19,22.1,0,0.034,0,0,0,0.011,0.005,0.001,20.42,20.71,20.08,0.193,92.5,96.1,91.4,1.564,3.1,0,0.931,36.81,1017.833,0
"2023-06-07 01:00:00",132,12.18,22.32,0,0.034,0.012,0,0,0.013,0.005,0.001,20.7,20.84,20.43,0.085,94.9,94.9,92,0.64,2.025,0,0.656,334.5,1017.828,0
"2023-06-07 02:00:00",133,12.17,22.11,0,0.047,0,0,0,0.01,0.004,0.001,20.69,21.13,20.33,0.166,86.9,95.8,86.7,2.047,3.35,0.35,0.54,328.7,1017.295,0
"2023-06-07 03:00:00",134,12.18,21.8,0,0.053,0,0,0,0.014,0.006,0.001,20.63,21.16,20.1,0.289,93.4,94.9,86.5,0.603,2.175,0,0.682,236.9,1016.969,0
"2023-06-07 04:00:00",135,12.18,21.61,0,0.005,0,0,0,0.011,0.005,0.001,20.15,20.46,19.84,0.169,95.8,96.3,93,0.629,2.175,0,0.691,345.1,1017.12,0
"2023-06-07 05:00:00",136,12.17,21,0,0.026,0,0,0,0.012,0.005,0.001,19.67,19.94,19.45,0.146,96.3,98.9,95.9,0.164,1.275,0,0.351,318.4,1017.24,0
"2023-06-07 06:00:00",137,12.18,20.86,0.145,0.028,0.077,0.047,0,0.02,0.009,0.04,19.76,19.9,19.53,0.092,95,96.7,93.5,0.079,1.175,0,0.247,347.8,1017.381,0
"2023-06-07 07:00:00",138,12.19,21.29,51.31,74.01,32.61,36.39,0.002,0.233,0.1,2.785,19.62,20.47,19.13,0.426,92.6,97.3,92.5,0.524,1.825,0,0.667,219.9,1017.783,0
"2023-06-07 08:00:00",139,12.18,24.52,227.8,307.4,99.9,172.5,0.014,1.019,0.437,11.33,22.24,23.59,20.46,1.084,79.1,92.4,77.22,0.403,2.325,0,0.709,123,1018.273,0
"2023-06-07 09:00:00",140,12.19,27.66,452.5,487.5,148.4,374.5,0.042,2.438,1.045,23.8,24.51,25.39,23.43,0.522,68.67,79.26,68.44,0.798,1.75,0,0.513,212.3,1018.435,0
"2023-06-07 10:00:00",141,12.17,30.54,668.3,583.4,189.6,580,0.087,4.68,2.007,37.52,26.12,27.2,25.18,0.439,63.47,70.81,63.47,0.757,2.575,0,0.732,170.2,1018.307,0
"2023-06-07 11:00:00",142,12.18,32.04,832,644.9,209.7,741.8,0.15,6.002,2.574,49.05,27.05,27.69,26.18,0.322,61.1,67.45,60.6,1.915,3.925,0,1.017,136.2,1018.211,0
"2023-06-07 12:00:00",143,12.19,33.1,948,651.9,249,846,0.196,7.832,3.359,57.42,27.55,28.13,26.81,0.301,58.72,62.21,57.66,2.128,3.925,0,0.957,266.9,1017.714,0
"2023-06-07 13:00:00",144,12.19,34.91,868,411.7,361.8,775.6,0.18,4.837,2.074,51.79,29.25,30.39,27.91,0.67,53.18,59.08,49.63,1.786,4.15,0,0.884,56.83,1017.025,0
"2023-06-07 14:00:00",145,12.19,34.48,470.8,86.1,320,427.8,0.101,2.865,1.229,30.71,29.45,31.1,28.24,0.852,49.61,53.33,45.33,0.956,2.125,0,0.609,179.6,1016.344,0
"2023-06-07 15:00:00",146,12.17,28.94,127.2,0.225,105.9,118.7,0.027,0.7,0.3,9.65,27.35,29.53,24.29,1.767,81.1,81.1,49.28,1.449,4.05,0,1.084,340.5,1015.972,0.1
"2023-06-07 16:00:00",147,12.17,24.81,43.45,0.181,37.34,46.7,0.008,0.313,0.134,3.521,23.31,24.22,22.86,0.269,81.8,88.3,81.3,3.206,5.325,1.2,0.831,323.1,1015.437,0
"2023-06-07 17:00:00",148,12.18,24.92,16.15,0.033,14.14,17.49,0.002,0.05,0.021,1.351,23.06,23.4,22.75,0.16,81.9,86.9,79.8,2.228,3.475,0.95,0.45,323.7,1015.016,0
"2023-06-07 18:00:00",149,12.18,24.96,18.14,0.081,15.5,17.93,0.002,0.053,0.023,1.451,23.22,23.63,22.86,0.196,76.81,85.7,76.46,1.662,5.425,0,1.213,333.7,1014.683,0
"2023-06-07 19:00:00",150,12.18,25.07,24.71,0.059,20.89,23.05,0.001,0.023,0.01,1.554,23.57,23.73,23.44,0.074,74.83,79.64,74.64,1.586,3.5,0,0.878,320.3,1014.759,0
"2023-06-07 20:00:00",151,12.17,24.97,0.394,0.019,0.225,0.557,0,0.011,0.005,0.07,23.39,23.63,23.08,0.126,75.47,79.64,73.67,1.367,3.625,0,0.871,344.4,1015.321,0
"2023-06-07 21:00:00",152,12.17,25.11,0,0.062,0,0.065,0,0.012,0.005,0,23.81,24.21,23.34,0.172,73.32,75.99,67.47,1.521,3.45,0,0.673,343.8,1017.072,0
"2023-06-07 22:00:00",153,12.18,23.76,0,0.037,0,0,0,0.012,0.005,0,23.09,23.56,21.52,0.621,75.7,75.8,66.33,2.523,5.15,1.15,0.749,23.68,1017.754,0
"2023-06-07 23:00:00",154,12.18,22.63,0,0.102,0,0,0,0.012,0.005,0,21.47,21.72,21.21,0.105,67.48,75.16,67.48,1.856,4.95,0,1.159,277.6,1017.72,0
"2023-06-08 00:00:00",155,12.19,22.73,0,0.045,0,0.028,0,0.011,0.005,0,21.53,22.23,21.1,0.354,71.89,76.22,67,0.453,2.425,0,0.68,277.9,1018.239,0
"2023-06-08 01:00:00",156,12.18,22.15,0,0.045,0,0.108,0,0.011,0.005,0,21.09,21.71,20.36,0.436,87.8,87.8,71.26,1.097,3.35,0,0.949,103.2,1018.536,0
"2023-06-08 02:00:00",157,12.18,21.24,0,0.155,0,0.058,0,0.011,0.005,0,20.36,20.98,19.76,0.392,80,90.9,79.66,1.686,3.65,0,0.809,10.98,1017.936,0
"2023-06-08 03:00:00",158,12.18,21.46,0,0.017,0,0,0,0.01,0.004,0,20.49,21,19.84,0.387,85.7,88.8,79.56,1.4,2.6,0,0.786,328,1017.604,0
"2023-06-08 04:00:00",159,12.16,21.31,0,0.052,0,0,0,0.011,0.005,0,20.17,20.54,19.82,0.19,84.5,86.3,79.66,2.022,2.725,1.25,0.318,20.02,1017.444,0
"2023-06-08 05:00:00",160,12.17,21.13,0,0.028,0,0,0,0.011,0.005,0,20.04,20.26,19.81,0.134,84.4,85.9,82.4,1.596,2.775,0,0.646,195.9,1017.547,0
"2023-06-08 06:00:00",161,12.18,20.55,0.142,0.004,0.08,0.092,0,0.019,0.008,0.039,19.5,19.97,19.2,0.238,91.2,91.4,84.6,0.599,2,0,0.63,0,1017.71,0
"2023-06-08 07:00:00",162,12.17,20.68,42.75,32.1,29.26,32.93,0.002,0.23,0.099,2.789,19.29,19.79,18.98,0.146,88.2,92.3,88.2,0.922,1.525,0,0.458,292.6,1018.388,0
"2023-06-08 08:00:00",163,12.18,23.78,228.4,323.8,96.7,173.9,0.014,1.003,0.43,11.26,21.78,25.82,19.81,1.501,64.85,88.2,64.85,0.332,1.4,0,0.501,126.2,1018.79,0
"2023-06-08 09:00:00",164,12.17,27.92,451.6,513,138.7,374.1,0.041,2.41,1.034,23.46,25.91,26.83,24.73,0.524,63.8,68.64,60.14,0.752,2.2,0,0.605,158.8,1019.153,0
"2023-06-08 10:00:00",165,12.18,30.59,666.5,636.3,166.4,584.2,0.089,4.812,2.064,36.93,26.67,27.31,25.95,0.376,62.1,64.96,59.59,1.241,2.725,0,0.637,211.7,1019.354,0
"2023-06-08 11:00:00",166,12.18,32.18,828,665.9,193.7,739.1,0.145,6.925,2.97,47.38,27.11,28.28,26.17,0.49,58.15,63.16,57,1.542,3.2,0,0.693,302.3,1019.223,0
"2023-06-08 12:00:00",167,12.19,33.6,945,688.4,220.1,845,0.187,7.922,3.397,55.15,28.22,29.21,27.18,0.545,54.29,58.97,52.76,1.53,3.65,0.225,0.712,270.2,1018.513,0
"2023-06-08 13:00:00",168,12.19,34.7,724.2,296.8,340.5,650.7,0.163,4.38,1.878,46.43,29.65,30.53,28.83,0.403,52.44,56.05,49.67,1.251,2.925,0,0.684,56.13,1017.76,0
"2023-06-08 14:00:00",169,12.19,35.59,748,347.6,333.7,672.2,0.155,4.586,1.966,46.09,30.18,30.88,29.35,0.396,51.28,54.65,49.52,1.444,2.65,0,0.727,92.2,1017.023,0
"2023-06-08 15:00:00",170,12.19,37.18,680.2,439.5,239.6,605.3,0.13,4.969,2.131,42.07,31.37,33.2,29.41,1.255,45.66,54.41,44.94,1.261,3.15,0,0.667,140.7,1015.92,0
"2023-06-08 16:00:00",171,12.19,37.19,513,356.2,204.2,454.2,0.08,1.651,0.708,30.55,32.14,33.21,31.49,0.494,47.54,49.84,44.76,1.702,4.6,0,1.09,175.8,1015.013,0
"2023-06-08 17:00:00",172,12.19,36.57,272,146.7,159.5,236.2,0.039,0.876,0.376,18.86,32.27,33.47,31.11,0.769,50.41,50.77,45.13,0.71,2.175,0,0.629,56.32,1014.327,0
"2023-06-08 18:00:00",173,12.18,35.24,119.5,58.35,88.2,102.3,0.013,0.262,0.112,9.23,31.24,31.79,30.7,0.291,52.43,52.55,49.42,0.846,2.125,0,0.633,40.75,1014.066,0
"2023-06-08 19:00:00",174,12.18,33.43,47.42,52.8,33.32,38.12,0.003,0.025,0.011,2.795,30.91,31.12,30.62,0.135,53.42,53.42,50.8,0.392,1.775,0,0.486,351.1,1014.332,0
"2023-06-08 20:00:00",175,12.17,31.37,1.638,2.556,1.044,0.753,0,0.01,0.004,0.101,29.46,30.59,28.79,0.52,55.2,63.36,53.19,1.236,3.4,0,0.684,11.43,1014.863,0
"2023-06-08 21:00:00",176,12.19,30.24,0,0.004,0,0,0,0.013,0.005,0.001,28.58,28.88,28.27,0.215,60.55,60.61,53.52,0.773,2.175,0,0.659,349.1,1015.527,0
"2023-06-08 22:00:00",177,12.18,29.23,0,0.001,0,0,0,0.01,0.004,0.001,27.61,28.34,27.06,0.355,66.73,68.53,61.19,1.405,2.075,0.475,0.273,330,1016.292,0
"2023-06-08 23:00:00",178,12.19,27.82,0,0.001,0,0,0,0.012,0.005,0,26.51,27.27,25.64,0.539,72.98,73.38,64.32,1.4,2.225,0,0.541,336.8,1016.59,0
"2023-06-09 00:00:00",179,12.18,26.16,0,0.024,0,0,0,0.012,0.005,0,24.83,25.91,23.97,0.66,74.42,77.97,68.77,1.76,2.325,0.7,0.296,343.2,1016.801,0
"2023-06-09 01:00:00",180,12.17,25.21,0,0.145,0,0,0,0.012,0.005,0.001,24.24,25.25,23.3,0.523,65.14,78.91,64.1,1.112,2.6,0,0.685,312.5,1017.11,0
"2023-06-09 02:00:00",181,12.19,24.95,0,0.098,0,0,0,0.011,0.005,0,23.97,25.16,22.86,0.762,75.82,75.82,64.14,2.02,2.75,1.375,0.276,334.6,1017.273,0
"2023-06-09 03:00:00",182,12.17,24.32,0,0.056,0,0,0,0.009,0.004,0,23.36,23.71,22.85,0.275,73.83,77.56,72.49,1.162,2.1,0,0.463,348,1017.263,0
"2023-06-09 04:00:00",183,12.19,23.93,0,0.003,0,0,0,0.011,0.005,0.001,22.88,23.34,22.28,0.241,74.32,76.36,72.14,1.868,2.5,1.1,0.394,310.7,1017.212,0
"2023-06-09 05:00:00",184,12.18,23.21,0,0.005,0,0,0,0.011,0.005,0,22.09,22.31,21.73,0.19,75.49,76.05,73,1.629,2.55,0,0.63,343.5,1017.315,0
"2023-06-09 06:00:00",185,12.18,22.4,0.195,0.037,0.14,0.088,0,0.02,0.009,0.037,21.35,21.71,20.71,0.297,72.8,80.5,72.67,1.147,2.25,0,0.62,322.9,1017.598,0
"2023-06-09 07:00:00",186,12.17,23.24,54.48,117.1,29.77,34.31,0.002,0.229,0.098,2.795,22.06,22.81,21.69,0.23,68.28,73.04,68.28,0.99,1.525,0,0.375,348,1018.005,0
"2023-06-09 08:00:00",187,12.17,26.9,243.5,422.2,81.5,176.3,0.014,0.978,0.42,11.38,24.95,26.03,22.86,0.831,63.38,69.62,60.54,0.487,1.9,0,0.621,185.6,1018.355,0
"2023-06-09 09:00:00",188,12.18,29.47,456,564.8,117.6,375.2,0.04,2.32,0.995,23.22,26.36,27.67,25.17,0.615,57.94,63.06,57.46,1.594,2.75,0,0.611,165.9,1018.54,0
"2023-06-09 10:00:00",189,12.18,32.17,671.3,663.1,150.5,585.6,0.086,4.711,2.02,36.42,27.94,29.14,26.67,0.748,57.56,61.11,54.28,1.039,2.85,0,0.795,172.1,1018.653,0
"2023-06-09 11:00:00",190,12.18,33.93,848,738.4,161.1,757.5,0.148,7.064,3.029,48.37,28.91,29.7,27.75,0.542,54.99,59.37,53.06,1.371,3.075,0,0.73,265.3,1018.3,0
"2023-06-09 12:00:00",191,12.18,35.54,971,794.4,156.3,872,0.197,8.29,3.557,57.37,30.2,31,28.96,0.43,45.39,55,45.39,1.194,2.925,0,0.739,296.7,1017.435,0
"2023-06-09 13:00:00",192,12.18,36.89,1018,803,166.6,913,0.213,8.66,3.714,60.34,31.52,32.89,30.15,0.737,42.62,48.6,40.87,1.619,3.575,0,0.866,158.1,1016.523,0
"2023-06-09 14:00:00",193,12.19,37.66,984,781.9,173.8,881,0.195,7.039,3.019,57.73,32.36,33.52,31.16,0.518,38.14,44.49,36.5,2.64,5.4,0,1.2,170.1,1015.728,0
"2023-06-09 15:00:00",194,12.19,39.54,858,707.4,184.7,761.5,0.146,4.739,2.032,48.51,34.09,34.88,32.8,0.513,29.71,39.04,27.83,2.098,4.35,0,1.031,201.5,1014.975,0
"2023-06-09 16:00:00",195,12.18,40.6,685.8,624.8,177.1,597.1,0.091,2.674,1.146,37.04,35.27,36.14,34.3,0.488,29.43,32.55,28.31,1.49,3.275,0,0.888,143.8,1014.057,0
"2023-06-09 17:00:00",196,12.2,40.74,478.8,532.4,146.4,396.5,0.045,1.11,0.476,24.07,35.91,36.93,35.06,0.523,29.63,29.97,28.16,1.667,4.25,0,0.944,232.6,1013.478,0
"2023-06-09 18:00:00",197,12.19,39.8,254.3,394.6,93.5,188.9,0.016,0.301,0.129,12.3,36.09,37.18,34.9,0.61,28.22,30.3,27.56,0.647,3.025,0,0.743,102.9,1013.189,0
"2023-06-09 19:00:00",198,12.17,36.89,68.26,138,37.21,43.23,0.003,0.032,0.014,3.739,34.42,37.01,32.78,0.975,38.83,38.83,27.93,0.727,1.95,0,0.613,153.3,1013.326,11.4
"2023-06-09 20:00:00",199,12.18,33.35,0.8,0,0.458,0.365,0,0.01,0.004,0.142,31.59,32.75,30.08,0.869,50.27,50.27,38.71,0.328,1.65,0,0.477,339.9,1013.786,0.9
"2023-06-09 21:00:00",200,12.17,30.58,0,0.001,0,0,0,0.011,0.005,0.001,28.78,30.03,28.33,0.439,53.27,54.1,50.05,1.921,2.65,0.4,0.422,322.3,1014.546,0
"2023-06-09 22:00:00",201,12.18,29.34,0,0.014,0,0,0,0.01,0.004,0.001,28.13,28.43,27.74,0.157,51.95,54.68,50.64,1.804,2.925,0.4,0.46,340.9,1015.187,0
"2023-06-09 23:00:00",202,12.18,28.7,0,0.052,0,0,0,0.011,0.005,0.001,27.89,28.09,27.62,0.133,49.99,52.99,49.58,1.02,3.05,0,0.738,103.8,1015.604,0
"2023-06-10 00:00:00",203,12.18,28.27,0,0.042,0,0,0,0.01,0.004,0.001,27.69,28.12,27.36,0.186,53.53,53.9,47.53,0.601,3.175,0,0.755,149.8,1016.225,0
"2023-06-10 01:00:00",204,12.18,27.42,0,0.012,0,0,0,0.011,0.005,0.001,26.66,27.5,25.75,0.52,62.01,62.68,53.36,0.848,2.325,0,0.585,331.4,1016.28,0
"2023-06-10 02:00:00",205,12.18,26.11,0,0.002,0,0,0,0.012,0.005,0,24.97,25.76,24.42,0.379,69.33,69.61,62.04,1.071,2.25,0,0.594,329.5,1016.178,0
"2023-06-10 03:00:00",206,12.17,25.17,0,0.024,0,0,0,0.011,0.005,0,24.07,24.6,23.42,0.383,65.02,71.71,62.48,1.513,2.3,0,0.405,25.3,1016.179,0
"2023-06-10 04:00:00",207,12.18,24.61,0,0.016,0,0,0,0.012,0.005,0,23.59,23.87,23.22,0.16,72.53,72.56,65.15,1.278,1.9,0,0.526,337.1,1016.346,0
"2023-06-10 05:00:00",208,12.19,24.47,0,0.036,0,0,0,0.011,0.005,0,23.28,23.77,22.85,0.244,74.57,76.21,70.97,1.756,2.55,1.175,0.292,333.2,1016.755,0
"2023-06-10 06:00:00",209,12.18,23.95,0.19,0.033,0.123,0.147,0,0.017,0.007,0.028,22.69,23.22,22.37,0.235,71.35,76.34,67.4,1.677,2.2,1.1,0.237,342.5,1017.096,0
"2023-06-10 07:00:00",210,12.18,24.37,51.32,42.79,36.73,39.75,0.002,0.221,0.095,2.611,23.06,24.13,22.46,0.433,70.43,72.96,68.77,0.663,1.7,0,0.547,345.8,1017.81,0
"2023-06-10 08:00:00",211,12.18,27.45,222.6,286.2,102.3,168.4,0.014,0.976,0.419,10.93,25.61,27.19,24.08,1.109,64.66,70.89,63.42,0.832,2.575,0,0.634,134.6,1018.189,0
"2023-06-10 09:00:00",212,12.19,30.45,451.9,501.9,145.4,372.4,0.041,2.37,1.016,23.46,27.39,28.91,26.16,0.852,62.08,67.45,58.88,0.911,2.375,0,0.665,96,1018.245,0
"2023-06-10 10:00:00",213,12.19,32.65,663.6,618.5,172.1,579.5,0.088,4.79,2.054,36.83,28.53,29.86,27.83,0.391,56.88,63.16,56.43,1.269,2.85,0,0.764,127.2,1018.06,0
"2023-06-10 11:00:00",214,12.19,34.13,837,674.6,199.2,748.1,0.149,7.1,3.044,48.76,29.3,30.57,28.18,0.585,53.4,61.97,53.4,2.124,4.325,0.325,0.967,149.1,1017.902,0
"2023-06-10 12:00:00",215,12.19,35.87,953,696.6,222.5,855,0.195,8.27,3.546,56.93,30.65,31.37,29.57,0.421,53.2,55.11,50.21,1.821,4,0,0.97,220.7,1017.362,0
"2023-06-10 13:00:00",216,12.19,36.69,990,677.4,247.9,888,0.207,8.31,3.564,58.82,31.31,32.41,30.38,0.585,47.56,53.62,44.8,2.115,4.625,0,1.126,209.3,1016.572,0
"2023-06-10 14:00:00",217,12.18,38.22,952,683.8,228.7,852,0.192,7.035,3.017,56.54,32.72,34.11,31.31,0.752,41.61,48.09,41.06,1.88,4.6,0,1.014,238.3,1015.743,0
"2023-06-10 15:00:00",218,12.18,39.51,843,628.4,231.5,748.4,0.146,4.799,2.058,48.4,33.59,34.7,32.44,0.598,42.38,45.31,40.12,1.738,3.925,0,0.883,76.55,1014.73,0
"2023-06-10 16:00:00",219,12.18,40.63,661.7,522.7,221.9,575,0.09,2.406,1.032,36.45,34.97,35.62,33.8,0.365,39.39,41.79,37.27,1.876,3.925,0,0.87,155.7,1014.046,0
"2023-06-10 17:00:00",220,12.19,39.69,413.7,366.1,167,346.6,0.042,0.653,0.28,21.77,34.91,35.78,33.8,0.379,39.61,39.77,36.61,2.015,4.625,0,0.874,176.9,1013.411,0
"2023-06-10 18:00:00",221,12.19,36.33,92.3,20.55,67.35,73.46,0.01,0.149,0.064,6.883,33.39,33.86,32.93,0.228,41.92,42.04,39.34,0.951,2.25,0,0.703,167.6,1013.239,0
"2023-06-10 19:00:00",222,12.18,34.36,18.3,3.919,14.8,14.6,0.002,0.026,0.011,1.787,32.61,32.92,32.28,0.169,46.21,47.04,41.42,0.456,1.825,0,0.547,328,1013.53,0
"2023-06-10 20:00:00",223,12.19,32.81,2.523,0,1.948,1.9,0,0.011,0.005,0.109,30.99,32.27,30.32,0.64,53.31,54.04,46.06,1.419,2.025,0,0.427,327.9,1013.804,0
"2023-06-10 21:00:00",224,12.19,31.28,0,0.003,0,0,0,0.01,0.004,0.001,29.86,30.36,29.39,0.256,56.52,56.52,52.44,1.646,2.625,0.825,0.419,334.9,1014.366,0
"2023-06-10 22:00:00",225,12.18,30.04,0,0.031,0,0,0,0.011,0.005,0.001,28.76,29.36,28.06,0.352,56.88,62.28,55.63,1.523,1.925,0.95,0.194,319.4,1014.878,0
"2023-06-10 23:00:00",226,12.17,29.66,0,0.027,0,0,0,0.01,0.004,0.001,28.45,29.04,28.03,0.19,59.96,62.49,56.58,1.319,2.925,0,0.711,336.4,1015.531,0
"2023-06-11 00:00:00",227,12.18,29.06,0,0.064,0,0,0,0.01,0.004,0.001,28.09,28.35,27.74,0.155,56.56,61.81,52.98,1.155,2.95,0,0.843,264,1015.903,0
"2023-06-11 01:00:00",228,12.19,27.97,0,0,0,0,0,0.011,0.005,0.001,27.05,27.77,26.1,0.574,66.45,66.45,55.99,0.466,1.825,0,0.493,333,1015.965,0
"2023-06-11 02:00:00",229,12.17,26.72,0,0.009,0,0,0,0.011,0.005,0,25.67,26.09,25.03,0.277,69.72,70.45,63.41,0.434,1.5,0,0.494,345.2,1015.802,0
"2023-06-11 03:00:00",230,12.19,25.91,0,0.017,0,0,0,0.012,0.005,0.001,24.86,25.33,24.08,0.35,71.79,71.99,65.39,0.87,1.975,0,0.672,338.4,1015.707,0
"2023-06-11 04:00:00",231,12.18,24.88,0,0.008,0,0,0,0.011,0.005,0,23.63,24.28,23.07,0.366,73.97,76.64,70.81,1.801,2.475,1.25,0.235,334.5,1015.936,0
"2023-06-11 05:00:00",232,12.17,24.26,0,0.011,0,0,0,0.01,0.004,0,23.13,23.66,22.65,0.285,76.57,76.8,73.43,1.632,2.325,1,0.276,331.8,1016.116,0
"2023-06-11 06:00:00",233,12.19,23.8,0.152,0.03,0.068,0.018,0,0.019,0.008,0.036,22.73,23,22.34,0.14,76.89,76.89,73.45,1.43,1.975,0.85,0.189,338,1016.311,0
"2023-06-11 07:00:00",234,12.19,24.41,51.86,95.6,30.5,35.02,0.002,0.216,0.093,2.688,23.18,24.15,22.28,0.535,70.45,77.09,69.16,0.755,1.6,0,0.472,0.372,1016.792,0
"2023-06-11 08:00:00",235,12.18,27.64,224.3,335.1,90.8,165.9,0.013,0.903,0.387,10.59,25.99,28.5,23.89,1.354,57.4,71.14,57.4,0.257,1.175,0,0.36,194.8,1017.485,0
"2023-06-11 09:00:00",236,12.19,30.69,443.8,500.4,138.6,365,0.038,2.247,0.964,22.3,28.22,29.03,27.65,0.452,53.08,58.99,52.04,1.1,2.775,0,0.629,155,1018.014,0
"2023-06-11 10:00:00",237,12.19,33.13,661.5,627.5,163.3,576.5,0.083,4.575,1.962,35.92,29.28,30.08,28.69,0.357,50.43,52.98,48.47,1.386,2.825,0,0.722,151.7,1018.006,0
"2023-06-11 11:00:00",238,12.17,34.79,837,713,170.4,747.8,0.143,6.715,2.879,47.91,29.91,31.02,29.11,0.531,46.92,51.22,46.74,1.549,3.925,0,0.861,187.2,1017.682,0
"2023-06-11 12:00:00",239,12.19,35.72,943,727.6,186.9,847,0.182,7.735,3.317,55.06,30.61,31.7,29.32,0.582,46.74,51.54,45.85,2.064,4.05,0.45,0.681,282.1,1017.039,0
"2023-06-11 13:00:00",240,12.18,37.35,981,733.9,191.5,879,0.197,7.827,3.356,57.76,32.34,33.16,31.33,0.431,43.61,46.8,42.17,1.868,4.3,0,0.972,54.19,1016.19,0
"2023-06-11 14:00:00",241,12.18,38.95,975,714.7,219.1,867,0.188,6.724,2.883,56.7,33.38,34.25,32.4,0.517,39.07,44.94,38.44,2.316,5.575,0.225,1.104,241.6,1015.283,0
"2023-06-11 15:00:00",242,12.19,41.04,859,639,231.8,755.2,0.145,4.006,1.718,48.67,35,36.7,32.84,0.96,36.23,40.2,32.8,1.663,4.3,0,1.07,281.7,1014.541,0
"2023-06-11 16:00:00",243,12.18,39.04,350.2,116.2,203.9,303.8,0.061,1.168,0.501,23.14,34.83,35.71,33.95,0.547,32.98,35.54,29.94,1.446,4.1,0,1.025,290.6,1014.007,0
"2023-06-11 17:00:00",244,12.18,35.57,111.7,0.003,95.4,106.9,0.016,0.333,0.143,8.08,33.22,34.4,32.76,0.548,38.66,40.48,32.37,2.46,4.775,0.325,0.916,341.2,1013.763,0
"2023-06-11 18:00:00",245,12.18,34.22,46.09,0.011,39.47,47.27,0.005,0.062,0.027,3.303,32.53,32.83,32.32,0.148,40.12,40.3,37.34,2.413,4.45,0.85,0.602,265.2,1014.119,0
"2023-06-11 19:00:00",246,12.19,33.26,23.12,0.04,19.03,19.41,0.002,0.027,0.012,1.627,31.85,32.45,30.84,0.497,42.17,43.49,28.97,2.149,5.775,0,1.462,5.767,1014.343,0
"2023-06-11 20:00:00",247,12.18,31.92,0.878,0.034,0.538,0.555,0,0.01,0.004,0.103,30.53,30.87,30.29,0.16,37.43,41.97,36.18,2.186,4.225,0,1.149,337.6,1014.823,0
"2023-06-11 21:00:00",248,12.19,31.28,0,0.017,0,0,0,0.011,0.005,0.001,30.11,30.32,29.59,0.135,42.15,42.56,37.46,0.477,3.975,0,0.895,111,1015.374,0
"2023-06-11 22:00:00",249,12.17,30.08,0,0,0,0,0,0.011,0.005,0.001,28.94,29.71,28.37,0.446,49.56,50.21,38.83,1.385,3.925,0,1.082,142.4,1016.84,0
"2023-06-11 23:00:00",250,12.18,28.72,0,0.002,0,0,0,0.012,0.005,0.001,27.74,28.39,27.14,0.439,52.14,53.82,48.94,0.802,2.4,0,0.626,132.8,1017.673,0
"2023-06-12 00:00:00",251,12.18,27.1,0,0.001,0,0,0,0.011,0.005,0,25.98,27.49,25.08,0.849,58.12,60.86,51.99,1.738,3.125,0,1.036,346.6,1017.279,0
"2023-06-12 01:00:00",252,12.18,25.91,0,0.002,0,0,0,0.009,0.004,0,24.82,25.36,24.36,0.293,59.32,61.03,56.43,1.1,1.85,0,0.502,312.6,1016.901,0
"2023-06-12 02:00:00",253,12.18,25.17,0,0.038,0,0,0,0.011,0.005,0,24.34,24.67,23.58,0.283,61.03,65.84,59.23,0.627,1.85,0,0.57,327.2,1016.879,0
"2023-06-12 03:00:00",254,12.18,24.75,0,0.005,0,0,0,0.011,0.005,0,23.87,24.71,23.01,0.475,69.99,69.99,61.16,0.986,2.1,0,0.723,338,1017.165,0
"2023-06-12 04:00:00",255,12.19,24.25,0,0.04,0,0,0,0.01,0.004,0,23.17,23.72,22.74,0.277,67.23,70.96,62.82,1.999,2.525,1.45,0.247,0.24,1017.203,0
"2023-06-12 05:00:00",256,12.18,23.78,0,0.028,0,0,0,0.011,0.005,0,22.85,23.18,22.5,0.212,63.45,68.48,63.45,1.451,2.375,0,0.571,341.4,1017.49,0
"2023-06-12 06:00:00",257,12.17,23.53,0.143,0.026,0.055,0.013,0,0.017,0.007,0.037,22.75,23.14,22.27,0.206,68.48,68.52,63.13,1.308,1.95,0,0.411,335.1,1017.822,0
"2023-06-12 07:00:00",258,12.18,23.63,54.26,114.1,29.74,35.31,0.002,0.231,0.099,2.824,22.09,22.62,21.85,0.196,68.37,70.59,67.93,2.016,2.95,1.45,0.381,336.5,1018.296,0
"2023-06-12 08:00:00",259,12.19,27.04,239.2,409.3,82.4,174.3,0.014,0.996,0.427,11.47,25.35,28.48,22.64,1.986,51.38,68.34,49.82,0.776,1.775,0,0.683,136.6,1018.784,0
"2023-06-12 09:00:00",260,12.18,30.65,463.4,591.8,113.6,376.3,0.041,2.37,1.016,24.04,28.32,29.06,27.16,0.469,56.11,56.11,49.54,0.759,2.625,0,0.589,2.859,1018.918,0
"2023-06-12 10:00:00",261,12.18,32.63,676.5,692.9,136.4,586.9,0.089,4.829,2.071,37.82,28.39,29.39,26.94,0.634,52.46,56.72,51.47,1.225,3.425,0,0.845,257.2,1018.769,0
"2023-06-12 11:00:00",262,12.18,34.36,846,737.9,157.2,745.3,0.15,6.974,2.99,49.38,29.32,30.16,28.11,0.516,49.24,55.73,48.69,1.374,3.15,0,0.856,0,1018.562,0
"2023-06-12 12:00:00",263,12.18,35.67,961,768.7,166.7,847,0.194,8.18,3.509,57.5,30.59,31.46,29.66,0.497,46.37,50.4,44.72,1.606,3.875,0,0.891,162.6,1017.683,0
"2023-06-12 13:00:00",264,12.19,37.04,999,759.2,183.7,888,0.207,7.995,3.429,60.01,32.02,33.26,30.88,0.597,42.1,46.36,40.1,1.772,4.675,0,0.922,129.9,1016.658,0
"2023-06-12 14:00:00",265,12.18,37.75,915,580.5,276.3,811,0.174,6.567,2.816,53.33,32.43,33.44,31.35,0.529,38.39,44.58,37.4,2.175,4.775,0,1.119,163.6,1015.782,0
"2023-06-12 15:00:00",266,12.17,39.27,837,617.2,230,738.5,0.143,4.63,1.985,47.98,33.97,35.84,32.5,0.849,31.95,38.8,31.46,1.822,5.275,0,1.168,299.8,1014.649,0
"2023-06-12 16:00:00",267,12.18,40.34,647.9,572.5,168.9,560.6,0.094,2.265,0.971,36.98,35,35.96,33.93,0.536,33.13,35.88,28.22,1.784,3.775,0,0.817,115.7,1013.786,0
"2023-06-12 17:00:00",268,12.18,40.23,497.2,543,150.5,410.6,0.051,1.362,0.584,26.37,35.6,37.01,34.9,0.47,23.79,32.68,23.57,1.751,4.7,0,1.092,175.8,1013.287,0
"2023-06-12 18:00:00",269,12.18,40.74,319.1,461.1,125.3,242,0.019,0.346,0.148,14.92,36.95,37.63,36.14,0.432,22.48,24.12,21.2,0.981,2.85,0,0.717,224.8,1012.994,0
"2023-06-12 19:00:00",270,12.18,38.27,98.5,180.9,54.11,65.64,0.004,0.033,0.014,4.335,35.22,37.17,34.3,0.756,26.1,26.5,21.97,0.463,1.65,0,0.46,66.54,1013.26,0
"2023-06-12 20:00:00",271,12.19,34.3,1.385,0,0.833,0.712,0,0.012,0.005,0.169,32.65,34.3,30.75,1.052,39.15,39.24,26.12,0.822,2.475,0,0.843,341.4,1013.961,0
"2023-06-12 21:00:00",272,12.18,31.3,0,0.002,0,0,0,0.011,0.005,0.011,29.77,30.7,29.26,0.315,44.68,45.56,39.78,2.297,3.025,1.45,0.3,347,1014.614,0
"2023-06-12 22:00:00",273,12.19,30.36,0,0.038,0,0,0,0.01,0.004,0.001,29.75,30.15,29.36,0.229,25.32,44.84,24.72,2.013,3.325,0.25,0.6,350,1015.1,0
"2023-06-12 23:00:00",274,12.18,29.14,0,0.046,0,0,0,0.011,0.005,0.001,28.99,29.62,28.06,0.43,26.17,27.78,21.78,1.673,3.55,0,1.008,119.9,1015.467,0
"2023-06-13 00:00:00",275,12.19,28.2,0,0.04,0,0,0,0.012,0.005,0.001,27.88,28.31,27.24,0.287,34.31,34.73,25.67,1.212,2.775,0,0.694,1.498,1016.291,0
"2023-06-13 01:00:00",276,12.18,27.42,0,0.006,0,0,0,0.01,0.004,0,27.16,28.07,25.66,0.755,50.33,50.73,34.24,0.543,1.925,0,0.705,340,1016.572,0
"2023-06-13 02:00:00",277,12.17,26.49,0,0.049,0,0,0,0.011,0.005,0.001,25.74,26.7,24.75,0.642,39.86,50.24,38.88,1.949,2.7,1.3,0.316,329.2,1016.483,0
"2023-06-13 03:00:00",278,12.18,25.49,0,0.046,0,0,0,0.011,0.005,0,24.81,26.14,23.92,0.595,38.58,45.66,33.19,1.688,2.475,0.25,0.389,334.1,1016.394,0
"2023-06-13 04:00:00",279,12.19,25.25,0,0.074,0,0,0,0.012,0.005,0,24.82,25.47,24.25,0.36,38.47,41.34,34.1,1.285,2.15,0,0.407,316.2,1016.342,0
"2023-06-13 05:00:00",280,12.17,24.57,0,0.034,0,0,0,0.012,0.005,0,23.95,24.83,22.88,0.421,48.14,48.14,38.23,1.55,2.025,0.425,0.379,343.9,1016.682,0
"2023-06-13 06:00:00",281,12.18,23.44,0.101,0.077,0.064,0.025,0,0.016,0.007,0.039,22.65,23.19,22.05,0.341,55.01,55.01,47.61,1.643,2.625,0,0.712,348.6,1017.133,0
"2023-06-13 07:00:00",282,12.18,23.53,63.54,209.1,26.62,35.28,0.003,0.249,0.107,3.06,21.93,23.43,21.23,0.463,48.82,61.64,48.82,2.105,2.9,1.325,0.356,349.8,1018.127,0
"2023-06-13 08:00:00",283,12.18,27.29,262.2,532.7,67.74,184.3,0.015,1.058,0.454,12.4,25.76,29.07,23.54,1.554,35.36,48.68,35.36,1.144,2.35,0,0.854,44.93,1018.843,0
"2023-06-13 09:00:00",284,12.18,31.68,493.9,703.1,89.4,397,0.043,2.441,1.047,25.9,29.99,31.47,28.89,0.746,34,35.91,30.04,0.466,2.525,0,0.542,129.8,1018.864,0
"2023-06-13 10:00:00",285,12.18,33.39,712.4,795.5,103.1,618.1,0.091,4.917,2.109,39.83,29.63,30.38,28.96,0.331,36.75,37.9,33.41,1.616,3.5,0,0.857,213.3,1018.578,0
"2023-06-13 11:00:00",286,12.18,35.07,881,838,113.3,782.1,0.154,7.303,3.132,51.64,30.53,31,29.88,0.278,37.65,40.15,35.7,1,3.6,0,0.968,285.4,1018.26,0
"2023-06-13 12:00:00",287,12.18,36.32,987,861,122.3,886,0.202,8.6,3.689,59.86,31.62,32.41,30.46,0.335,35.11,39.31,35.11,1.575,5.2,0,1.184,157.7,1017.569,0
"2023-06-13 13:00:00",288,12.18,37.04,1027,847,138.6,927,0.217,8.7,3.731,62.5,32.28,33.38,31.58,0.429,30.74,36.53,30.3,1.972,5.5,0,0.986,343.6,1016.699,0
"2023-06-13 14:00:00",289,12.18,38.98,994,834,140.6,893,0.203,7.194,3.085,60.16,34.06,35,32.99,0.478,29.06,31.12,27.62,1.598,3.625,0,0.854,266.9,1015.616,0
"2023-06-13 15:00:00",290,12.19,40.38,883,792.1,141.4,783.4,0.158,5.148,2.208,51.99,34.66,36.21,33.58,0.685,26.4,29.14,25.57,1.544,3.45,0,0.979,141.6,1014.446,0
"2023-06-13 16:00:00",291,12.19,40.76,717.5,734.4,134,626.4,0.102,2.985,1.28,40.25,35.61,36.51,34.74,0.4,23.1,26.88,22.41,2.492,5.7,0,1.36,117.2,1013.492,0
"2023-06-13 17:00:00",292,12.19,40.99,506.3,639.5,115,420.1,0.051,1.268,0.544,26.77,36.34,37.44,35.43,0.435,21.23,24.1,21.13,1.865,4.175,0,1.022,142.9,1012.833,0
"2023-06-13 18:00:00",293,12.18,39.67,283.8,489.1,85.1,210.5,0.018,0.333,0.143,13.91,36.04,37.12,35.36,0.407,23.92,24.13,21.62,1.872,4.125,0,0.933,240.1,1012.583,0
"2023-06-13 19:00:00",294,12.19,37.29,78.94,182.6,39.23,48.63,0.004,0.035,0.015,4.13,35.15,35.95,34.57,0.39,25.7,25.7,23.23,1.015,3,0,0.918,49.63,1012.684,0
"2023-06-13 20:00:00",295,12.18,33.62,1.11,0.015,0.639,0.413,0,0.01,0.004,0.172,32.29,34.55,30.56,1.182,34.12,34.12,25,1.302,2.4,0,0.711,341.3,1013.039,0
"2023-06-13 21:00:00",296,12.18,30.84,0,0.001,0,0,0,0.01,0.004,0.001,29.62,30.59,28.79,0.62,36.63,37.8,32.99,1.525,2.325,0,0.472,4.843,1013.768,0
"2023-06-13 22:00:00",297,12.18,29.8,0,0.043,0,0,0,0.011,0.005,0.001,28.94,29.35,28.17,0.277,38.02,39.5,33.52,1.305,2.9,0,0.559,278.2,1014.537,0
"2023-06-13 23:00:00",298,12.18,29.24,0,0.019,0,0,0,0.01,0.004,0.001,28.75,29.39,27.61,0.611,47.14,47.55,37.5,0.521,1.525,0,0.497,302.1,1015.032,0
"2023-06-14 00:00:00",299,12.18,28.14,0,0.066,0,0,0,0.01,0.004,0.001,27.17,27.83,26.81,0.246,53.92,54.02,46.4,1.08,3.425,0,0.897,188.4,1015.576,0
"2023-06-14 01:00:00",300,12.19,27.69,0,0.018,0,0,0,0.011,0.005,0.001,26.84,27.39,26.2,0.359,59.23,59.28,53.8,1.702,3.725,0,0.846,166.1,1016.038,0
"2023-06-14 02:00:00",301,12.18,26.43,0,0.005,0,0,0,0.011,0.005,0.001,25.45,26.22,24.6,0.574,62.54,64.01,58.9,0.99,2.475,0,0.829,343.3,1016.091,0
"2023-06-14 03:00:00",302,12.18,25.45,0,0.01,0,0,0,0.012,0.005,0,24.48,24.97,23.88,0.292,65.13,66.47,62.52,0.834,1.725,0,0.509,311.7,1016.1,0
"2023-06-14 04:00:00",303,12.19,24.64,0,0.012,0,0,0,0.011,0.005,0,23.51,24.31,22.98,0.324,66.54,66.54,63.66,1.819,2.5,0.425,0.42,332.5,1016.185,0
"2023-06-14 05:00:00",304,12.16,23.86,0,0.014,0,0,0,0.011,0.005,0,22.73,22.97,22.55,0.099,62.44,68.26,62.44,1.704,2.15,1.125,0.168,327.4,1016.317,0
"2023-06-14 06:00:00",305,12.18,23.55,0.176,0.019,0.047,0.051,0,0.019,0.008,0.037,22.97,23.24,22.59,0.175,69.09,69.22,60.93,0.651,1.7,0,0.662,115.4,1016.735,0
"2023-06-14 07:00:00",306,12.19,24.15,53.33,105.6,30.71,35.49,0.002,0.236,0.101,2.865,22.92,23.86,22.51,0.362,59.63,69.61,59.5,1.03,1.775,0,0.561,316.7,1017.331,0
"2023-06-14 08:00:00",307,12.19,27.15,240.6,398.6,86.5,174,0.014,1.039,0.445,11.81,24.95,26.1,23.73,0.753,57.64,62.44,57.44,0.864,2.1,0,0.592,227.4,1017.978,0
"2023-06-14 09:00:00",308,12.19,30.53,470.9,586.1,124.1,385,0.043,2.509,1.076,25.03,27.45,29.71,25.91,1.105,48.38,58.14,48.05,0.463,2.55,0,0.718,172.9,1018.268,0
"2023-06-14 10:00:00",309,12.19,33.04,677.2,673.9,149.1,589.9,0.09,4.821,2.067,38.3,29.27,30.28,27.87,0.479,49.74,52.9,46.28,0.193,1.6,0,0.394,186.6,1018.177,0
"2023-06-14 11:00:00",310,12.19,34.66,845,721.8,168.7,753.3,0.152,7.115,3.051,49.68,29.67,30.8,28.61,0.473,46.08,50.86,45.47,1.212,4.125,0,1.061,168.6,1017.474,0
"2023-06-14 12:00:00",311,12.18,35.66,962,766.4,172.4,866,0.201,8.65,3.709,58.1,30.62,31.9,29.99,0.517,43.04,48.32,41.91,2.172,4.375,0,1.035,206.2,1016.972,0
"2023-06-14 13:00:00",312,12.18,37.34,999,774,174.4,901,0.217,8.47,3.633,61.09,32.22,33.54,30.62,0.776,38.73,45.88,37.36,1.486,3.5,0,0.854,14.43,1016.101,0
"2023-06-14 14:00:00",313,12.18,38.85,967,764,170.6,868,0.2,7.348,3.151,58.58,33.24,34.3,31.99,0.632,38.02,40.54,35.49,1.556,3.675,0,0.861,151.6,1015.032,0
"2023-06-14 15:00:00",314,12.18,40.42,862,723.9,171,763.6,0.157,5.004,2.146,50.82,34.65,35.95,32.99,0.676,32.95,37.82,31.89,1.653,4.45,0,1.057,124.7,1013.754,0
"2023-06-14 16:00:00",315,12.19,40.93,688.1,633.4,171.8,600.4,0.099,2.857,1.225,38.49,35.25,35.91,34.48,0.342,29.64,33.96,28.74,1.969,4,0,0.891,180,1012.835,0
"2023-06-14 17:00:00",316,12.17,40.45,479.9,514.1,149.9,401.7,0.048,1.162,0.498,25.19,35.8,36.32,35.22,0.29,27.86,29.39,27.13,2.394,5.2,0,1.097,111.1,1012.138,0
"2023-06-14 18:00:00",317,12.19,39.95,259.9,359.9,104,196.1,0.017,0.325,0.139,12.87,36.16,36.83,35.39,0.393,29.58,30.03,27.05,1.309,4.7,0,0.973,172.6,1011.857,0
"2023-06-14 19:00:00",318,12.19,37.51,74.38,117.1,44.67,49.67,0.004,0.035,0.015,3.949,35.02,35.73,34.1,0.465,30.88,30.92,27.23,0.69,2.8,0,0.624,87.4,1011.865,0
"2023-06-14 20:00:00",319,12.18,34.34,0.993,0,0.579,0.386,0,0.01,0.004,0.167,32.82,34.09,31.34,0.842,40.97,40.97,31.16,0.492,1.675,0,0.6,340.6,1012.342,0
"2023-06-14 21:00:00",320,12.18,31.83,0,0.003,0,0,0,0.01,0.004,0.001,30.3,31.31,29.57,0.351,42.57,43.96,40.15,1.49,2.475,0,0.706,329.6,1013.096,0
"2023-06-14 22:00:00",321,12.18,30.91,0,0.119,0,0,0,0.01,0.004,0.001,29.87,30.6,29.46,0.364,44.88,44.88,40.83,1.331,4.175,0,0.901,170.1,1013.839,0
"2023-06-14 23:00:00",322,12.19,30.32,0,0.004,0,0,0,0.01,0.004,0.001,29.3,30.2,28.19,0.632,52.35,52.44,44.86,2.453,4.675,0.575,0.726,87.2,1014.626,0
"2023-06-15 00:00:00",323,12.18,28.77,0,0.001,0,0,0,0.012,0.005,0.001,27.52,28.19,27.09,0.306,55.81,55.82,52.48,1.647,2.85,0,0.69,162.4,1015.367,0
"2023-06-15 01:00:00",324,12.17,27.91,0,0.012,0,0,0,0.011,0.005,0.001,26.91,27.15,26.57,0.168,58.81,58.81,55.39,1.244,3.4,0,1.024,338.2,1015.584,0
"2023-06-15 02:00:00",325,12.19,27.05,0,0.019,0,0,0,0.012,0.005,0,26.15,26.47,25.89,0.151,58.63,61.06,58.28,0.464,1.6,0,0.472,45.05,1015.337,0
"2023-06-15 03:00:00",326,12.18,26.37,0,0.006,0,0,0,0.012,0.005,0,25.65,26.29,25.24,0.331,62.32,62.95,58.38,0.37,1.5,0,0.498,38.27,1015.201,0
"2023-06-15 04:00:00",327,12.17,25.52,0,0.003,0,0,0,0.012,0.005,0,24.78,25.4,24.03,0.399,67.51,67.78,61.93,0.1,1.05,0,0.224,294.3,1015.254,0
"2023-06-15 05:00:00",328,12.18,24.75,0,0.002,0,0,0,0.011,0.005,0,23.72,24.21,22.97,0.435,69.24,70.42,66.21,0.646,1.925,0,0.677,333.1,1015.568,0
"2023-06-15 06:00:00",329,12.18,24.15,0.016,0.01,0.01,0.012,0,0.019,0.008,0.032,23.15,23.59,22.84,0.215,71.05,71.31,67.5,0.851,1.925,0,0.587,231.9,1015.906,0
"2023-06-15 07:00:00",330,12.18,24.29,39.88,17.92,31.48,32.72,0.002,0.214,0.092,2.576,23.1,23.82,22.8,0.23,67.31,71.19,66.89,1.235,1.925,0,0.387,9.63,1016.414,0
"2023-06-15 08:00:00",331,12.18,26.33,139.8,42.58,103.8,115.4,0.012,0.891,0.382,9.71,25.35,26.54,23.86,0.646,59.32,67.15,58.47,0.071,1.2,0,0.22,152.1,1016.879,0
"2023-06-15 09:00:00",332,12.18,30.68,443.9,484.1,143,361.3,0.042,2.437,1.045,23.55,28.32,30.29,26.31,1.251,47.88,59.76,46.89,0.268,1.975,0,0.45,123.7,1016.956,0
"2023-06-15 10:00:00",333,12.18,32.71,662,624.8,163.8,576.4,0.088,4.721,2.024,36.95,28.86,29.76,27.84,0.594,51.88,53.82,48.02,1.405,3.325,0,0.766,161.1,1016.815,0
"2023-06-15 11:00:00",334,12.19,34.68,832,682.2,186,741,0.15,7.2,3.087,48.68,29.92,31,28.27,0.759,45.68,51.99,44.6,1.6,3.9,0,1.095,93.3,1016.693,0
"2023-06-15 12:00:00",335,12.19,36.27,950,734.8,188.3,855,0.2,8.61,3.692,57.49,31.06,32.11,30.17,0.531,43.33,46.89,42.46,1.849,5.175,0,1.106,163,1016.529,0
