"TOA5","Esolmet_CR6_IP","CR6","9884","CR6.Std.12.01","CPU:20230316_Esolmet_CR6.CR6","14428","Table1_60min"
"TIMESTAMP","RECORD","BattV","PTemp_C","I_glo_Avg","I_dir_Avg","I_dif_Avg","I_glo_inc_Avg","I_uv_Avg","Indice_UV_1","Indice_UV_2","AirTC_Avg","AirTC_Max","AirTC_Min","AirTC_Std","RH","RH_Max","RH_Min","WS_ms_Avg","WS_ms_Max","WS_ms_Min","WS_ms_Std","WindDir","CS106_PB_Avg","Rain_mm_Tot"
"TS","RN","Volts","Deg C","W/m2","W/m2","W/m2","W/m2","W/m2","I-UV","MED/hr","Deg C","Deg C","Deg C","Deg C","%","%","%","meters/second","meters/second","meters/second","meters/second","degrees","mbar","mm"
"","","Smp","Smp","Avg","Avg","Avg","Avg","Avg","Smp","Smp","Avg","Max","Min","Std","Smp","Max","Min","Avg","Max","Min","Std","Smp","Avg","Tot"
"2023-03-16 15:00:00",0,13.32,33.74,882,891,108.4,922,0.15,5.005,2.146,29.38,30.11,28.84,0.273,27.43,29.39,26.63,3.928,6.725,0,1.457,0,1011.642,0
"2023-03-16 16:00:00",1,13.31,34.75,695,710.1,157.2,722.4,0.094,2.971,1.274,30.03,31.17,29.16,0.439,23.38,27.94,23.2,3.859,10.18,0.475,1.607,0,1015.24,0
"2023-03-16 17:00:00",2,13.4,30.47,484.8,535.5,170.3,500.1,0.043,1.084,0.465,27.53,31.35,25.36,1.643,31.09,34.11,22.77,5.226,8.85,1.75,1.789,0,1015.18,0
"2023-03-16 18:00:00",3,13.04,28.2,256.6,427.4,98,265.6,0.013,0.154,0.066,25.85,26.79,25.04,0.514,33.77,34.25,30.62,6.187,10.35,2.975,1.469,0,1015.291,0
"2023-03-16 19:00:00",4,12.96,26.66,21.33,7.91,17.11,20.51,0.001,0.009,0.004,25.43,25.73,25.15,0.183,30.72,33.84,29.97,3.381,7.6,0.35,1.585,0,1015.911,0
"2023-03-16 20:00:00",5,12.89,25.87,0,0.048,0,0,0,0.005,0.002,25.66,25.91,25.38,0.173,32.02,32.59,30.17,0.896,2.65,0,0.843,0,1016.569,0
"2023-03-16 21:00:00",6,11.05,24.88,0,0.021,0,0,0,0.01,0.004,24.87,25.4,24.26,0.32,35.37,35.37,31.91,0.974,3.15,0,0.867,0,1017.45,0
"2023-03-16 22:00:00",7,10.75,23.32,0,0.013,0,0,0,0.007,0.003,23.29,24.25,21.9,0.694,41.14,42.14,35.61,1.06,3,0,0.917,0,1018.356,0
"2023-03-16 23:00:00",8,10.7,21.75,0,0.011,0,0,0,0.013,0.005,21.45,22.71,20.74,0.605,45.4,46.71,40.23,1.589,2.725,0,0.607,0,1018.838,0
"2023-03-17 00:00:00",9,10.65,20.73,0,0.001,0,0,0,0.008,0.003,20.39,21.06,20.03,0.224,48.02,48.27,45.59,1.822,2.35,0.95,0.265,0,1018.872,0
"2023-03-17 01:00:00",10,10.65,20.33,0,0.037,0,0,-0.009,0.008,0.003,19.92,20.22,19.73,0.096,47.02,48.73,46.96,1.904,2.5,0.875,0.288,0,1018.684,0
"2023-03-17 02:00:00",11,10.65,20.32,0,0.026,0,0,-0.024,0.009,0.004,20.21,20.38,19.86,0.115,47.52,47.71,46.41,1.785,2.85,0.425,0.446,0,1018.451,0
"2023-03-17 03:00:00",12,10.6,19.61,0,0.007,0,0,-0.021,0.008,0.003,19.62,19.86,19.16,0.211,49.19,49.27,46.77,1.333,2.95,0,0.843,0,1017.892,0
"2023-03-17 04:00:00",13,10.58,19.12,0,0.083,0,0,-0.018,0.008,0.003,19.04,19.29,18.75,0.136,47.49,50.14,47.33,1.192,2.475,0,0.792,0,1017.729,0
"2023-03-17 05:00:00",14,10.58,18.87,0,0.003,0,0,-0.018,0.008,0.003,19.05,19.24,18.62,0.118,49.63,49.63,47.47,0.607,2.2,0,0.721,0,1017.763,0
"2023-03-17 06:00:00",15,10.54,18.04,0,0.035,0,0,-0.005,0.008,0.003,17.91,18.62,17.33,0.335,51.8,54.42,49.73,1.906,2.85,0,0.623,0,1017.88,0
"2023-03-17 07:00:00",16,10.53,17.66,2.854,5.613,0,2.509,-0.02,0.047,0.02,17.62,18.22,17.19,0.308,53.16,54.1,50.55,1.751,2.775,0.425,0.493,0,1018.398,0
"2023-03-17 08:00:00",17,11.27,18.85,122.3,356.5,22.78,129.8,0.005,0.49,0.21,19.25,22.21,17.41,1.252,41.93,53.07,41.93,0.693,2.1,0,0.649,0,1018.878,0
"2023-03-17 09:00:00",18,13.76,22.89,369.3,653.4,73.33,389.7,0.027,1.781,0.764,23.14,24.27,22.25,0.61,39.1,42.07,38.44,0.885,2.375,0,0.649,0,1019.403,0
"2023-03-17 10:00:00",19,13.66,25.97,615.7,794.4,93,644.8,0.068,3.868,1.659,24.59,25.59,23.83,0.385,35.7,40.23,35.56,1.678,3.5,0,0.743,0,1019.626,0
"2023-03-17 11:00:00",20,13.57,28.44,819,859,101,857,0.129,6.23,2.672,25.5,26.24,24.88,0.317,35.45,37.49,33.87,1.505,3.45,0,0.783,0,1019.19,0
"2023-03-17 12:00:00",21,13.47,30.25,956,882,113,992,0.175,7.604,3.261,26.34,27.31,25.37,0.467,33.13,36.04,32.02,1.91,4.475,0,0.965,0,1018.401,0
"2023-03-17 13:00:00",22,13.44,31.83,1012,886,122.7,1045,0.194,7.564,3.243,27.61,28.44,26.56,0.344,30.27,33.5,29.8,2.174,4.8,0,0.932,0,1017.392,0
"2023-03-17 14:00:00",23,13.33,34.18,980,846,139.6,1008,0.177,6.456,2.768,29.04,29.79,28.13,0.427,27.76,30.35,27.38,1.918,4.875,0,1.033,0,1016.052,0.1
"2023-03-17 15:00:00",24,13.3,35.09,885,828,136.3,913,0.145,4.98,2.135,29.6,30.32,28.82,0.378,26.62,28.56,25.97,2.252,5.375,0,0.995,0,1014.904,0.1
"2023-03-17 16:00:00",25,13.25,36.21,710.6,777.2,123.3,740.3,0.095,2.688,1.153,31.13,31.82,30.09,0.445,23.23,26.61,22.38,2.267,5.125,0,1.176,0,1013.829,0
"2023-03-17 17:00:00",26,13.25,35.72,474.2,684,95.6,501.7,0.045,1.024,0.439,31.57,32.35,30.92,0.299,21.28,23.86,20.46,2.93,5.975,0.375,1.314,0,1013.004,0
"2023-03-17 18:00:00",27,13.01,34.02,225.2,506.4,62.87,239.3,0.013,0.193,0.083,31.41,32.29,30.58,0.473,22.1,22.32,20.18,2.293,5.2,0.225,1.252,143.8,1012.815,0
"2023-03-17 19:00:00",28,12.72,30.67,28.85,73.75,15.56,28.87,0.002,0.012,0.005,29.49,30.7,28.62,0.695,25.23,25.45,22.03,1.564,3.45,0.225,0.635,143,1013.264,0
"2023-03-17 20:00:00",29,10.93,28.73,0,0.082,0,0,0,0.008,0.003,28.17,28.62,27.85,0.179,29.07,29.07,25.25,1.509,5.4,0,1.576,225.9,1013.953,0
"2023-03-17 21:00:00",30,10.78,27.64,0,0.002,0,0,0,0.008,0.004,26.85,27.89,25.07,0.851,32.16,32.49,28.87,2.53,4.225,1.65,0.465,319.7,1014.899,0
"2023-03-17 22:00:00",31,10.69,25.54,0,0.003,0,0,0,0.01,0.004,24.8,25.11,24.56,0.099,34,34.33,31.88,1.271,3.3,0,1.242,235.6,1015.788,0
"2023-03-17 23:00:00",32,10.67,24.72,0,0.101,0,0,-0.006,0.01,0.004,24.13,24.71,23.62,0.286,45.93,45.93,33.92,1.537,5.475,0,1.531,108,1016.617,0
"2023-03-18 00:00:00",33,10.65,23.9,0,0.001,0,0,-0.087,-4,-1.715,23.33,24.01,22.63,0.4,50.1,50.97,46.13,1.006,3.375,0,0.88,13.22,1017.464,0
"2023-03-18 01:00:00",34,10.63,23.35,0,0.044,0,0,-0.1,-4,-1.715,22.53,22.78,22.18,0.172,50.66,52.09,49.76,0.591,1.85,0,0.533,149.6,1017.568,0
"2023-03-18 02:00:00",35,10.62,22.76,0,0.013,0,0,-0.1,-4,-1.715,22.4,22.74,21.87,0.283,53.94,53.94,50.56,0.685,1.625,0,0.468,74.51,1017.258,0
"2023-03-18 03:00:00",36,10.55,21.36,0,0,0,0,-0.1,-4,-1.715,21.19,21.85,20.23,0.418,57.87,57.89,54.01,0.473,1.325,0,0.413,327.5,1016.83,0
"2023-03-18 04:00:00",37,10.52,20.76,0,0.038,0,0,-0.1,-4,-1.715,20.05,20.29,19.75,0.154,56.65,57.86,55.86,1.612,2.45,0,0.51,327.2,1016.736,0
"2023-03-18 05:00:00",38,10.54,20.84,0,0.018,0,0,-0.1,-4,-1.715,19.84,20.01,19.64,0.104,56.24,57.38,56.09,1.996,2.55,1.125,0.25,326.9,1016.676,0
"2023-03-18 06:00:00",39,10.5,20.46,0,0.009,0,0,-0.1,-4,-1.715,19.73,20.02,19.38,0.181,57.95,58.1,55.72,1.368,2.375,0,0.569,333.3,1017.043,0
"2023-03-18 07:00:00",40,10.49,20.15,3.294,1.333,0,2.732,-0.1,-4,-1.715,19.33,19.66,19.06,0.17,57.11,59.14,57.04,1.849,2.475,1.225,0.239,175.6,1017.519,0
"2023-03-18 08:00:00",41,11.16,20.48,89.2,136.5,12,92,-0.061,0.514,0.22,20.01,21.74,19.57,0.523,50.5,57.18,50.5,0.976,1.95,0,0.53,346.7,1018.322,0
"2023-03-18 09:00:00",42,13.68,24.27,364.9,575.8,93.4,380.5,0.028,1.889,0.81,23.68,25.28,21.76,1,41,50.64,40.79,0.938,2.4,0,0.657,117.6,1018.975,0
"2023-03-18 10:00:00",43,13.59,27.49,607.3,715.5,117.5,634.2,0.073,4.011,1.72,25.74,26.16,25.06,0.26,39.97,40.98,37.87,1.434,3.4,0,0.807,146.6,1019.272,0
"2023-03-18 11:00:00",44,13.19,29.32,790.4,749.6,143.3,825,0.129,4.815,2.065,25.71,26.46,24.86,0.384,38.97,42.2,38.38,1.77,3.825,0,0.796,47.04,1019.189,0
"2023-03-18 12:00:00",45,13.44,30.81,944,792.5,164.1,978,0.18,7.652,3.281,26.4,27.53,25.4,0.532,34.56,40.67,34.44,2.029,4.7,0,1.213,83.7,1018.591,0
"2023-03-18 13:00:00",46,13.4,32.54,1007,846,146.7,1040,0.205,8.31,3.563,28,29.07,27.14,0.511,32.62,35.67,31.77,1.985,5.275,0,1.14,29.04,1017.364,0
"2023-03-18 14:00:00",47,13.36,33.88,952,806,144.8,978,0.198,7.752,3.324,29.07,30.22,27.95,0.592,29.58,32.99,29.04,2.149,5.125,0,1.263,178.1,1016.082,0
"2023-03-18 15:00:00",48,13.3,34.75,844,745.6,156.3,868,0.157,5.423,2.326,29.88,30.55,28.78,0.441,27.48,31.23,26.24,3.803,9.25,0,1.702,193.1,1015.125,0
"2023-03-18 16:00:00",49,13.05,31.6,277.7,121,146.6,277.9,0.061,1.219,0.523,28.83,29.86,27.92,0.512,32.51,32.53,27.64,4.229,8.83,0.7,1.589,145.6,1014.265,0
"2023-03-18 17:00:00",50,12.96,29.57,156,27.19,116.1,154.7,0.023,0.681,0.292,27.92,28.81,26.14,0.722,30.82,31.48,26.38,4.135,9.85,0,2.312,322,1013.99,0
"2023-03-18 18:00:00",51,12.88,28.02,96.9,35.83,75.16,95.1,0.01,0.179,0.077,26.45,27.44,25.99,0.437,30.84,33.07,30.35,4.368,8.72,1.925,1.65,320.6,1014.067,0
"2023-03-18 19:00:00",52,11.07,27.56,20.97,20.46,15.97,18.16,0.002,0.012,0.005,26.69,27.31,26.06,0.389,36.89,36.89,30.71,1.473,2.575,0,0.637,151.8,1014.461,0
"2023-03-18 20:00:00",53,10.78,27.05,0,0.126,0,0,0,0.008,0.004,26.34,26.97,25.93,0.304,31.12,37.96,29.22,2.09,4.925,0,1.052,203.9,1015.365,0
"2023-03-18 21:00:00",54,10.69,26.28,0,0.014,0,0,0,0.008,0.004,25.98,26.99,24.97,0.638,39.65,39.69,31.18,3.795,6.275,1.875,0.958,223.1,1016.29,0
"2023-03-18 22:00:00",55,10.66,24.89,0,0.003,0,0,0,0.007,0.003,24.48,24.99,23.96,0.314,43.65,43.65,39.7,2.66,4.775,0.775,0.801,228.6,1017.126,0
"2023-03-18 23:00:00",56,10.65,23.42,0,0.001,0,0,-0.005,0.011,0.005,23.11,23.96,21.47,0.71,50.05,50.05,43.66,1.318,2.65,0,0.545,338.8,1017.944,0
"2023-03-19 00:00:00",57,10.62,21.72,0,0.001,0,0,-0.093,-4,-1.715,21,21.47,20.46,0.28,51.32,51.52,49.66,1.642,2.225,0,0.447,344.6,1018.4,0
"2023-03-19 01:00:00",58,10.58,20.8,0,0.029,0,0,-0.1,-4,-1.715,20.03,20.42,19.56,0.194,53.21,54.83,51.64,1.791,2.65,0,0.573,347.3,1018.625,0
"2023-03-19 02:00:00",59,10.54,20.42,0,0.016,0,0,-0.1,-4,-1.715,19.71,19.93,19.46,0.12,52.66,53.54,51.55,1.96,2.475,1.25,0.258,344.3,1018.792,0
"2023-03-19 03:00:00",60,10.53,19.9,0,0.006,0,0,-0.1,-4,-1.715,19.25,19.61,19,0.129,54.73,54.97,52.73,2.256,2.825,1.675,0.24,343.6,1018.592,0
"2023-03-19 04:00:00",61,10.48,19.88,0,0.038,0,0,-0.1,-4,-1.715,19.33,19.57,19.07,0.164,55.09,56.82,54.74,1.604,2.2,0.5,0.3,333.6,1018.551,0
"2023-03-19 05:00:00",62,10.45,20.35,0,0.046,0,0,-0.1,-4,-1.715,19.53,19.85,19.32,0.156,55.74,56.07,54.71,1.313,2.225,0,0.58,342.5,1018.822,0
"2023-03-19 06:00:00",63,10.44,20.21,0,0.006,0,0,-0.1,-4,-1.715,19.74,19.84,19.52,0.09,59.86,59.98,55.81,0.786,1.45,0,0.357,0.144,1019.208,0
"2023-03-19 07:00:00",64,10.46,19.22,3.007,0.389,0,2.981,-0.1,-4,-1.715,19,19.58,18.44,0.352,64.1,64.1,59.78,0.458,1.8,0,0.693,340.7,1019.861,0
"2023-03-19 08:00:00",65,10.58,20.11,63.31,17.66,0,63.42,-0.067,0.318,0.136,19.16,20.59,18.37,0.626,58.34,64.35,58.34,0.409,1.575,0,0.623,125.1,1020.597,0
"2023-03-19 09:00:00",66,13.7,23.95,369.9,509.2,79.44,375.9,0.029,2.032,0.871,23.27,25.24,20.61,1.491,44.27,58.67,42.77,0.563,2.025,0,0.51,250.1,1021.438,0
"2023-03-19 10:00:00",67,13.6,26.82,649.6,727.6,136.1,668.4,0.078,4.38,1.878,24.29,25.36,23.11,0.577,45.27,48.19,42.78,1.488,3.2,0,0.793,237.1,1021.843,0
"2023-03-19 11:00:00",68,13.52,29.13,880,850,143.6,906,0.141,6.778,2.907,24.91,25.89,23.88,0.595,45.11,46.9,40.75,1.778,4.15,0,0.987,239.2,1021.625,0
"2023-03-19 12:00:00",69,13.32,30.39,784,630.1,149.7,812,0.161,4.398,1.886,25.7,26.73,24.37,0.601,43.13,44.81,38.66,1.455,3.475,0,0.707,144.7,1020.981,0
"2023-03-19 13:00:00",70,13.44,30.52,793.6,586.4,162.2,825,0.177,8.82,3.783,26.39,27.64,24.9,0.732,34.73,43.17,33.45,1.735,4.3,0,0.853,93,1019.959,0
"2023-03-19 14:00:00",71,13.37,32.27,858,696.1,141,890,0.185,7.645,3.278,27.54,28.55,26.57,0.525,29.1,34.97,27.56,2.377,7,0.3,1.515,72.99,1018.659,0
"2023-03-19 15:00:00",72,13.09,33.48,759.3,665.7,132.7,775.8,0.148,2.735,1.173,28.82,29.44,27.52,0.446,27.44,28.99,26.05,2.731,6.825,0,1.496,179.1,1017.37,0
"2023-03-19 16:00:00",73,13.32,33.81,576.1,514.8,174.2,582.9,0.088,3.103,1.331,29.29,30.71,27.56,0.96,22.91,29.22,22.49,2.897,5.575,0.225,1.294,141,1016.464,0
"2023-03-19 17:00:00",74,13.32,34.42,504,709.9,106.2,522.8,0.049,1.129,0.484,30.27,31.01,29.68,0.309,21.75,24.32,21.75,3.568,8.3,0.475,1.537,230.3,1015.913,0
"2023-03-19 18:00:00",75,12.97,33.43,257.6,626.3,62.44,270.8,0.015,0.21,0.09,29.98,30.69,29.22,0.418,22.38,23.03,21.31,2.872,5.925,0.35,1.193,181.7,1015.967,0
"2023-03-19 19:00:00",76,12.89,29.64,28.16,105.6,14.17,29.41,0.002,0.011,0.005,28.39,29.5,27.73,0.445,22.43,23.09,21.52,2.588,4.775,0.95,0.714,206.3,1016.235,0
"2023-03-19 20:00:00",77,12.01,26.81,0,0,0,0,0,0.009,0.004,26.75,27.73,25.35,0.752,27.06,27.84,22.44,0.836,1.9,0,0.62,315.2,1016.672,0
"2023-03-19 21:00:00",78,10.89,24.61,0,0.044,0,0,0,0.009,0.004,24.11,26.04,22.8,0.907,32.66,32.66,23.72,2.919,4.6,0,0.858,320,1017.428,0
"2023-03-19 22:00:00",79,10.7,23.16,0,0.009,0,0,0,0.01,0.004,22.84,23.08,22.35,0.204,36.08,36.1,31.88,1.827,3.775,0,1.145,166.6,1018.058,0
"2023-03-19 23:00:00",80,10.66,22.86,0,0.096,0,0,0,0.009,0.004,22.65,23.11,21.81,0.391,35.5,37.66,31.6,2.147,6.575,0,1.425,347.1,1018.891,0
"2023-03-20 00:00:00",81,10.64,21.43,0,0.014,0,0,0,0.008,0.003,21.38,21.95,20.81,0.238,39.48,39.86,35.41,0.794,3.325,0,0.793,347.5,1019.695,0
"2023-03-20 01:00:00",82,10.61,21.09,0,0.08,0,0,0,0.009,0.004,21.13,21.69,20.52,0.359,41.71,42.47,37.54,1.298,3.325,0,0.725,298.3,1020.171,0
"2023-03-20 02:00:00",83,10.57,20.3,0,0.007,0,0,-0.027,0.008,0.003,20.11,20.82,19.62,0.332,41.15,42.28,38.43,1.275,2.325,0,0.555,303.7,1020.087,0
"2023-03-20 03:00:00",84,10.53,19.54,0,0.002,0,0,-0.011,0.009,0.004,18.88,19.59,18.44,0.266,46.26,46.41,41.29,1.328,2.3,0,0.374,304.7,1019.906,0
"2023-03-20 04:00:00",85,10.53,18.79,0,0.018,0,0,-0.002,0.008,0.003,18.06,18.74,17.37,0.42,49.87,49.9,46.06,1.829,2.85,0.95,0.371,317,1019.802,0
"2023-03-20 05:00:00",86,10.48,17.72,0,0.01,0,0,0,0.008,0.004,17.08,17.79,16.44,0.437,53.72,53.72,49.34,2.163,3.25,1.375,0.427,313.5,1019.837,0
"2023-03-20 06:00:00",87,10.45,16.78,0,0.007,0,0,-0.002,0.01,0.004,16.15,16.97,15.58,0.401,56.72,56.97,52.09,1.858,2.575,0.25,0.449,11.6,1019.992,0
"2023-03-20 07:00:00",88,10.45,16.13,3.691,0.204,0,2.971,-0.001,0.057,0.025,15.53,16.37,15.03,0.45,59.94,60.19,54.93,1.734,2.575,0.7,0.277,333.2,1020.383,0
"2023-03-20 08:00:00",89,10.48,16.79,70.78,110.1,0,70.62,0.002,0.477,0.204,16.21,17.72,15.2,0.807,53.8,59.9,53.23,1.483,2.225,0,0.472,0,1020.923,0
"2023-03-20 09:00:00",90,13.82,19.47,254.8,254.1,60.36,261.2,0.027,2.06,0.883,19.06,24.89,17.15,2.214,35.75,56.02,35.75,0.409,1.4,0,0.488,1.772,1021.558,0
"2023-03-20 10:00:00",91,13.71,24.63,645.3,857,68.33,666.1,0.08,4.328,1.856,23.42,25,22.5,0.57,39.73,42.53,35.2,1.134,3.475,0,0.742,0,1021.953,0
"2023-03-20 11:00:00",92,13.6,26.96,843,905,75.37,873,0.139,6.752,2.896,23.87,24.81,23.1,0.436,38.57,41.44,37.85,1.825,3.875,0,0.845,176.6,1021.909,0
"2023-03-20 12:00:00",93,13.56,28.62,951,882,97.9,985,0.166,8.08,3.466,25.04,26.68,24.02,0.531,34.58,39.63,34.43,1.98,5.05,0,1.181,174.5,1021.385,0
"2023-03-20 13:00:00",94,13.48,30.56,1041,960,75.7,1073,0.215,8.86,3.801,26.07,27.06,25.15,0.561,32.5,37.25,31.73,1.818,4.775,0,1.189,192.3,1020.208,0
"2023-03-20 14:00:00",95,13.4,32.53,1021,959,76.07,1051,0.21,7.723,3.312,27.45,28.67,26.25,0.695,28.68,32.33,27.69,1.973,4.725,0,0.895,95.6,1018.821,0
"2023-03-20 15:00:00",96,13.33,34.11,900,896,90.6,927,0.159,5.278,2.263,29,29.67,27.71,0.502,25.68,29.79,25.65,2.535,6.85,0,1.435,129.5,1017.589,0
"2023-03-20 16:00:00",97,13.32,34.05,686.9,767,98.2,711,0.1,3.07,1.316,29.19,30.46,27.93,0.59,25.56,27.59,24.9,3.043,7.275,0.325,1.74,11.87,1016.62,0
"2023-03-20 17:00:00",98,13.28,34.37,526.7,760.9,102.9,543.9,0.05,1.098,0.471,29.94,30.85,29.06,0.489,24.43,26.9,23.96,3.546,7.725,0.3,1.436,111.1,1015.971,0
"2023-03-20 18:00:00",99,12.98,33.34,242.7,601.4,50.76,254.7,0.014,0.209,0.089,30.07,30.77,29.4,0.336,24.34,25.22,24.11,2.962,5.85,0,1.145,167.6,1015.66,0
"2023-03-20 19:00:00",100,12.88,30.14,36.59,152,14.26,37.72,0.002,0.008,0.003,28.79,30.03,27.99,0.569,26.61,26.61,24.32,1.877,4.1,0.475,0.629,171.5,1015.865,0
"2023-03-20 20:00:00",101,11.79,27.6,0,0.019,0,0,0,0.009,0.004,27.47,27.97,26.82,0.321,27.3,27.8,25.96,0.086,1.025,0,0.229,285.9,1016.331,0
"2023-03-20 21:00:00",102,10.9,25.37,0,0,0,0,0,0.009,0.004,24.33,26.83,23.57,0.79,35.48,35.95,27.47,2.181,4.375,0,0.819,323.2,1017.125,0
"2023-03-20 22:00:00",103,10.69,24.25,0,0.036,0,0,0,0.007,0.003,23.69,24.52,23.04,0.455,35.22,35.95,31.87,2.336,3.4,0.4,0.73,7.657,1017.864,0
"2023-03-20 23:00:00",104,10.64,22.92,0,0.052,0,0,0,0.009,0.004,22.92,23.35,22.53,0.259,39.99,39.99,34.7,0.66,3.75,0,1.053,0.154,1018.461,0
"2023-03-21 00:00:00",105,10.66,22.08,0,0.021,0,0,0,0.006,0.003,22.1,22.76,21.39,0.433,40.82,42.01,39.38,1.226,2.45,0,0.699,331.1,1018.693,0
"2023-03-21 01:00:00",106,10.6,21.06,0,0.013,0,0,0,-0.001,0,20.67,21.57,20.15,0.361,42.36,43.34,40.99,2.013,2.725,0.25,0.458,346.6,1018.848,0
"2023-03-21 02:00:00",107,10.56,20.57,0,0.056,0,0,-0.008,0.002,0.001,20.19,20.49,19.73,0.209,40.29,43.2,40.09,2.217,2.675,1.35,0.263,325.6,1018.777,0
"2023-03-21 03:00:00",108,10.58,20.31,0,0.107,0,0,-0.016,0.008,0.003,19.97,20.79,19.2,0.485,43.42,43.42,38.96,2.514,3.225,0.9,0.466,317.8,1018.692,0
"2023-03-21 04:00:00",109,10.54,19.36,0,0.018,0,0,-0.001,0.007,0.003,18.87,19.25,18.42,0.187,48.77,49.24,43.38,2.004,2.95,1.225,0.493,351.5,1018.732,0
"2023-03-21 05:00:00",110,10.49,18.86,0,0.034,0,0,-0.006,0.008,0.004,18.4,19.01,17.85,0.269,50.47,50.47,43.94,2.323,3.075,1.425,0.386,342.6,1018.942,0
"2023-03-21 06:00:00",111,10.44,18.05,0,0.014,0,0,-0.002,0.008,0.003,17.53,17.81,17.32,0.104,51.47,52.83,50.39,2.224,3.125,1.325,0.358,330.2,1019.381,0
"2023-03-21 07:00:00",112,10.46,17.81,4.807,16.97,0,4.378,-0.023,0.051,0.022,17.39,17.63,17.06,0.14,51.29,53.12,50.78,2.32,3.425,1.1,0.523,336.6,1020.24,0
"2023-03-21 08:00:00",113,11.23,18.99,148.4,488.4,21.55,153.9,0.007,0.589,0.252,18.66,21.4,17.22,1.182,42.19,52.32,41.78,1.329,1.975,0,0.59,351.5,1020.984,0
"2023-03-21 09:00:00",114,13.71,23.6,396.9,740.9,56.33,410.1,0.031,2.112,0.906,24.39,25.99,21.47,1.221,36.59,42.06,33.56,0.648,2.7,0,0.621,196.6,1021.414,0
"2023-03-21 10:00:00",115,13.61,26.76,643.6,847,68.47,663,0.081,4.39,1.882,25.24,25.85,24.81,0.234,39.3,40.21,36.4,1.848,3.3,0,0.7,158.7,1021.712,0
"2023-03-21 11:00:00",116,13.51,28.76,848,903,77.75,875,0.142,6.907,2.962,25.57,26.14,24.5,0.327,35.26,41.68,35.26,2.162,4.375,0,0.963,98.4,1021.467,0
"2023-03-21 12:00:00",117,13.43,31.27,981,933,80.8,1011,0.191,8.14,3.489,27.36,28.43,26.21,0.529,32.07,35.29,30.98,1.666,3.95,0,1.037,144.3,1020.832,0
"2023-03-21 13:00:00",118,13.4,32.85,1022,918,90.4,1051,0.206,8.01,3.436,28.34,29.83,27.41,0.645,29.35,32.45,26.79,1.954,4.25,0,0.912,60.47,1019.834,0
"2023-03-21 14:00:00",119,13.32,34.48,989,878,107.1,1015,0.194,6.852,2.938,29.58,30.72,28.47,0.653,25.3,29.29,24.38,2.1,5.175,0,1.182,202,1018.582,0
"2023-03-21 15:00:00",120,13.28,35.32,881,824,118.8,906,0.148,5.025,2.155,30.43,31.74,29.53,0.543,22.73,26.23,22.73,2.427,5.225,0,1.127,103,1017.422,0
"2023-03-21 16:00:00",121,13.22,36.84,704.9,763.1,114.5,728.4,0.093,2.5,1.072,31.83,32.78,30.6,0.518,22.16,24.13,21.05,1.898,5.325,0,1.08,85.7,1016.442,0
"2023-03-21 17:00:00",122,13.21,36.52,475.5,652.7,102.6,495.4,0.041,0.931,0.399,32.21,32.8,31.28,0.357,21.18,22.84,20.88,2.238,5.4,0.225,1.055,59.01,1015.873,0
"2023-03-21 18:00:00",123,12.97,35.26,223,462.9,68.63,232.2,0.012,0.18,0.077,32.02,32.76,31.2,0.502,22.05,22.85,20.19,1.335,3.4,0,0.706,111.2,1015.833,0
"2023-03-21 19:00:00",124,12.65,31.87,36.37,104.5,19.44,35.88,0.002,0.011,0.005,30.41,31.6,29.09,0.665,25.72,25.73,21.99,0.468,1.7,0,0.494,133,1016.096,0
"2023-03-21 20:00:00",125,11.09,28.74,0,0.001,0,0,0,0.009,0.004,28.08,29.07,26.47,0.819,30.92,30.92,25.69,0.976,2.8,0,0.885,337.7,1016.469,0
"2023-03-21 21:00:00",126,10.74,26.71,0,0.004,0,0,0,0.009,0.004,25.99,26.5,25.32,0.259,32.17,32.17,30.66,1.583,2.625,0,0.638,334.1,1017.13,0
"2023-03-21 22:00:00",127,10.69,25.32,0,0.004,0,0,0,0.014,0.006,24.82,25.27,24.18,0.354,33.19,33.4,31.47,1.619,2.425,0,0.558,342.4,1017.827,0
"2023-03-21 23:00:00",128,10.66,24.58,0,0.011,0,0,0,0.007,0.003,24.41,24.7,24.06,0.199,33,34.16,32.16,1.353,2,0,0.401,281.2,1018.382,0
"2023-03-22 00:00:00",129,10.66,23.66,0,0.014,0,0,0,0.007,0.003,23.49,24.18,23.01,0.345,36.02,36.71,33.06,1.593,2.95,0,0.928,195.6,1018.768,0
"2023-03-22 01:00:00",130,10.62,22.56,0,0.032,0,0,-0.002,0.009,0.004,22.64,23.16,21.49,0.446,39.35,39.35,34.5,0.877,2.7,0,0.826,334.1,1019.004,0
"2023-03-22 02:00:00",131,10.57,22.47,0,0.113,0,0,-0.032,-4,-1.715,22.32,22.96,21.17,0.546,34.1,41.12,33.58,2.033,2.875,1.325,0.336,14.51,1018.925,0
"2023-03-22 03:00:00",132,10.53,22.25,0,0.006,0,0,-0.1,-4,-1.715,22.31,22.74,21.86,0.237,36.28,36.28,33.91,1.9,2.45,0.7,0.273,344.1,1018.741,0
"2023-03-22 04:00:00",133,10.53,21.78,0,0.018,0,0,-0.1,-4,-1.715,21.61,21.82,21.4,0.107,35.91,36.94,35.11,2.033,2.65,0.9,0.379,319.3,1018.504,0
"2023-03-22 05:00:00",134,10.49,20.86,0,0.007,0,0,-0.1,-4,-1.715,21.27,21.78,20.64,0.37,39.05,39.58,35.01,0.396,1.525,0,0.477,57.94,1018.628,0
"2023-03-22 06:00:00",135,10.49,20.54,0,0.08,0,0,-0.1,-4,-1.715,20.81,21.29,20.5,0.223,39.76,39.9,36.68,1.043,2.05,0,0.609,338.9,1018.988,0
"2023-03-22 07:00:00",136,10.5,19.66,6.211,16.24,0,6.137,-0.1,-4,-1.715,20.09,20.46,19.82,0.163,41.38,42.58,39.45,0.303,1.75,0,0.516,178.5,1019.712,0
"2023-03-22 08:00:00",137,11.16,20.89,139.8,383.2,17.64,142.1,-0.013,0.553,0.237,22.13,24.26,20.02,1.459,32.55,41.31,32.12,0.094,1.1,0,0.267,166.1,1020.422,0
"2023-03-22 09:00:00",138,13.66,25.18,389.1,675.8,68.3,397.4,0.03,1.984,0.851,26.24,27.79,23.53,1.364,27.8,34.55,27.47,0.362,1.275,0,0.394,211.1,1021.088,0
"2023-03-22 10:00:00",139,13.52,28.65,636.4,808,79.87,651.2,0.076,4.162,1.785,27.22,27.86,26.16,0.368,30.89,30.89,27.91,1.475,3.075,0,0.735,162.4,1021.402,0
"2023-03-22 11:00:00",140,13.44,31.34,835,871,86.6,858,0.135,6.465,2.772,28.59,29.59,26.84,0.592,24.08,30.84,23.58,1.519,3.825,0,0.881,67.37,1021.244,0
"2023-03-22 12:00:00",141,13.4,33.13,970,901,91.2,994,0.181,7.423,3.183,29.56,30.46,28.74,0.347,23.68,26.02,23.68,1.856,4.875,0,1.326,146.4,1020.649,0
"2023-03-22 13:00:00",142,13.32,35.28,1023,904,96.2,1045,0.201,8.13,3.487,31.06,32.52,29.39,0.901,19.64,24.46,19.05,1.583,4.5,0,0.999,133.1,1019.408,0
"2023-03-22 14:00:00",143,13.25,36.51,970,849,110.1,989,0.177,5.288,2.267,31.78,32.74,30.9,0.424,17.65,21.34,17.51,1.901,5.45,0,1.33,188.1,1018.076,0
"2023-03-22 15:00:00",144,13.21,37.66,863,804,116.9,879,0.132,4.414,1.893,32.77,33.25,32.02,0.304,17.9,18.81,16.94,2.061,5.225,0,1.087,157.7,1016.79,0
"2023-03-22 16:00:00",145,13.2,37.91,676.6,709.6,119.9,692.1,0.076,1.889,0.81,33.43,34.08,32.84,0.317,16.36,18,16.09,2.447,4.95,0,1.208,38.71,1015.871,0
"2023-03-22 17:00:00",146,13.21,38.13,471.2,662.9,95.2,486.7,0.039,0.963,0.413,34.12,35.17,33.32,0.481,14.74,16.76,14.04,2.34,5.875,0,1.302,226.2,1015.428,0
"2023-03-22 18:00:00",147,12.96,36.26,220.1,455.6,65.3,228.3,0.012,0.178,0.076,33.69,34.66,32.97,0.483,15.62,16.22,14.04,2.24,5.2,0,1.212,267.8,1015.124,0
"2023-03-22 19:00:00",148,11.59,32.66,17.53,22.09,11.1,15.91,0.001,0.01,0.004,31.85,33.11,31,0.497,17.78,17.78,15.62,2.22,3.975,1.05,0.543,299.3,1015.321,0
"2023-03-22 20:00:00",149,10.89,29.57,0,0,0,0,0,0.008,0.003,29.11,30.98,27.4,1.284,23,23,17.77,3.011,4.375,1.825,0.788,319.8,1015.871,0
"2023-03-22 21:00:00",150,10.72,27.39,0,0.036,0,0,0,0.009,0.004,26.96,27.38,26.6,0.213,24.24,24.98,23.04,1.88,4.1,0,1.12,35,1016.448,0
"2023-03-22 22:00:00",151,10.7,26.28,0,0.075,0,0,0,0.008,0.004,26.25,26.94,25.66,0.323,26.43,27.38,23.73,1.309,2.875,0,0.648,63,1017.479,0
"2023-03-22 23:00:00",152,10.66,25.44,0,0.025,0,0,0,0.012,0.005,25.5,26.3,24.73,0.534,28.01,28.93,25.75,0.209,2.475,0,0.618,334.5,1018.435,0
"2023-03-23 00:00:00",153,10.61,24.81,0,0.042,0,0,0,0.01,0.004,24.48,25.02,23.65,0.329,29.69,30.06,27.71,1.936,2.6,0.525,0.403,343.5,1019.118,0
"2023-03-23 01:00:00",154,10.58,24.22,0,0.058,0,0,-0.052,-4,-1.715,23.75,24.43,23.1,0.375,32.75,32.75,27.09,2.096,2.925,1.425,0.319,327.5,1019.49,0
"2023-03-23 02:00:00",155,10.58,23.07,0,0.003,0,0,-0.1,-4,-1.715,23.01,23.44,22.47,0.321,32.28,32.96,30.82,1.26,1.95,0,0.463,0.158,1019.5,0
"2023-03-23 03:00:00",156,10.53,22.17,0,0.02,0,0,-0.1,-4,-1.715,21.99,22.56,21.32,0.356,33.09,34.67,31.48,1.781,2.75,0,0.58,19.35,1019.22,0
"2023-03-23 04:00:00",157,10.54,21.65,0,0.015,0,0,-0.1,-4,-1.715,21.24,21.67,20.57,0.345,34.64,35.53,32.28,2.074,2.85,0.65,0.439,4.599,1018.942,0
"2023-03-23 05:00:00",158,10.49,20.76,0,0.089,0,0,-0.1,-4,-1.715,20.78,21.33,20.35,0.31,32.63,35.77,32.63,1.172,2.3,0,0.672,12.19,1018.939,0
"2023-03-23 06:00:00",159,10.45,20.71,0,0.052,0,0,-0.1,-4,-1.715,20.83,21.35,20.42,0.219,34.27,34.58,32.6,1.117,2.475,0,0.714,330.4,1019.214,0
"2023-03-23 07:00:00",160,10.49,20.09,6.171,17.2,0,6.02,-0.1,-4,-1.715,20.52,20.79,20.1,0.201,36.5,37.61,33.47,0.549,1.7,0,0.568,152.7,1019.827,0
"2023-03-23 08:00:00",161,11.17,21.03,144.5,406.6,20.07,145.4,-0.007,0.604,0.259,21.98,24.66,20.17,1.398,29.17,37.72,29.17,0.045,0.95,0,0.177,242.8,1020.58,0
"2023-03-23 09:00:00",162,13.12,26.14,373.1,513,123.1,372.7,0.03,1.362,0.584,26.61,27.53,24.72,0.693,27.48,29.44,24.66,0.514,2.325,0,0.765,141.8,1021.195,0
"2023-03-23 10:00:00",163,13.51,28.86,600.3,690.3,104.1,607.5,0.079,4.435,1.902,27.09,28.16,25.36,0.875,26.16,27.2,22.93,1.294,3.275,0,0.826,217.4,1021.448,0
"2023-03-23 11:00:00",164,13.48,30.87,832,848,95.4,854,0.144,7.004,3.003,27.73,28.79,26.58,0.511,30.33,31.59,25.03,1.731,4.225,0,0.888,267,1021.055,0
"2023-03-23 12:00:00",165,13.43,32.08,969,886,96.8,990,0.195,8.43,3.616,28.13,29.17,27.37,0.478,30.77,33.19,29.39,2.096,4.325,0,0.903,212.1,1020.249,0
"2023-03-23 13:00:00",166,13.36,34.07,1029,887,108.9,1047,0.218,8.87,3.805,29.6,30.73,28.5,0.637,28.89,31.33,28.2,2.305,4.85,0,1.155,184.9,1019.023,0
"2023-03-23 14:00:00",167,13.29,35.75,995,839,133.2,1005,0.206,7.642,3.277,30.88,32.06,29.97,0.565,25.7,28.57,25.7,2.167,5.55,0,1.044,174.3,1017.523,0
"2023-03-23 15:00:00",168,13.21,37.77,887,833,113.4,901,0.159,5.123,2.197,32.38,33.73,31.34,0.615,24.51,26.01,22.68,1.894,4.725,0,1.08,29.31,1016.187,0
"2023-03-23 16:00:00",169,13.21,37.84,606.3,580.1,127.4,617.6,0.091,2.652,1.137,32.95,33.57,31.9,0.295,21.3,24.66,20,2.195,4.675,0.3,0.865,155.8,1015.149,0
"2023-03-23 17:00:00",170,13.05,38.3,485.9,609.3,124.8,493.6,0.046,0.861,0.369,34.02,35.1,32.74,0.676,17.54,22.3,16.9,1.888,4.575,0,0.911,82.5,1014.538,0
"2023-03-23 18:00:00",171,12.96,36.77,208.6,312.6,95.9,211.3,0.012,0.187,0.08,33.62,34.37,32.63,0.517,20.43,20.43,17.35,1.912,4.525,0,0.795,151.4,1014.379,0
"2023-03-23 19:00:00",172,11.19,33.19,33.12,74.24,18.99,31.32,0.002,0.01,0.004,31.91,33.27,30.59,0.731,23.42,23.58,20.36,0.818,2.925,0,0.823,116.9,1014.587,0
"2023-03-23 20:00:00",173,10.89,30.75,0,0.173,0,0,0,0.008,0.003,30.23,30.56,29.62,0.267,23.11,25.47,23.06,1.488,5.95,0,1.654,214.5,1015.027,0
"2023-03-23 21:00:00",174,10.72,29.56,0,0.003,0,0,0,0.008,0.003,29.08,30.24,27.2,0.719,28.18,28.18,22.39,2.825,5.775,1.35,0.792,327.4,1015.863,0
"2023-03-23 22:00:00",175,10.7,26.83,0,0.029,0,0,0,0.008,0.003,26.03,27.06,25.3,0.384,29.4,30.98,27.42,2.027,3.65,0,0.981,342.9,1016.857,0
"2023-03-23 23:00:00",176,10.65,25.53,0,0.023,0,0,0,0.008,0.004,25.08,26.07,24.44,0.334,32.14,33.04,29.53,1.288,3,0,0.842,299.8,1017.633,0
"2023-03-24 00:00:00",177,10.6,24.63,0,0.021,0,0,0,0.007,0.003,24.76,25.1,23.87,0.303,38.56,38.56,30.92,0.331,1.3,0,0.426,97.3,1018.138,0
"2023-03-24 01:00:00",178,10.57,23.54,0,0.04,0,0,-0.036,-4,-1.715,23.32,24.16,22.37,0.6,44.23,45.21,38.63,1.068,2.1,0,0.738,329,1018.061,0
"2023-03-24 02:00:00",179,10.53,22.85,0,0.039,0,0,-0.1,-4,-1.715,22.5,23.1,21.67,0.439,42.58,46.13,42.58,1.695,2.325,0.35,0.408,0.331,1017.891,0
"2023-03-24 03:00:00",180,10.54,22.25,0,0.011,0,0,-0.1,-4,-1.715,21.89,22.77,21.39,0.341,47.31,47.37,42.64,1.684,2.75,0,0.554,329.8,1017.72,0
"2023-03-24 04:00:00",181,10.49,22.15,0,0.028,0,0,-0.1,-4,-1.715,21.85,22.15,21.33,0.24,51.42,51.42,47.07,1.531,2.425,0,0.521,12.8,1017.519,0
"2023-03-24 05:00:00",182,10.5,22.05,0,0.045,0,0,-0.1,-4,-1.715,21.73,21.99,21.33,0.18,52.53,52.53,49.81,1.749,2.85,0.325,0.423,337.2,1017.58,0
"2023-03-24 06:00:00",183,10.45,21.65,0,0.009,0,0,-0.1,-4,-1.715,21.35,21.48,21.06,0.083,49.83,53.64,49.68,1.403,2.075,0.375,0.33,320,1017.872,0
"2023-03-24 07:00:00",184,10.45,21,6.276,8.84,0,5.297,-0.1,-4,-1.715,20.37,21.15,19.15,0.638,55.93,55.93,48.65,2.27,2.875,1.575,0.336,332.9,1018.136,0
"2023-03-24 08:00:00",185,11.13,21.44,138.3,342.6,14.75,138.3,-0.01,0.608,0.261,21.09,23.22,19.12,1.436,44.29,55.96,44.29,0.823,2.5,0,0.917,184.8,1018.505,0
"2023-03-24 09:00:00",186,13.63,25.14,371,595.6,80.7,375.7,0.031,1.998,0.857,25.45,27.92,23.21,1.041,38.6,45.32,37.96,0.622,2.25,0,0.601,150.6,1019.307,0
"2023-03-24 10:00:00",187,13.53,28.44,612.3,718.6,103.9,622.5,0.081,4.455,1.911,26.71,27.55,25.76,0.442,40.02,42.54,38.15,1.226,3.35,0,0.708,140.5,1019.434,0
"2023-03-24 11:00:00",188,13.43,30.57,813,789.7,116.5,831,0.142,6.927,2.97,27.23,28.05,26.48,0.451,35.95,40.34,35.27,1.824,4.425,0,0.991,106.7,1019.087,0
"2023-03-24 12:00:00",189,13.43,32.22,942,820,124.6,961,0.188,8.14,3.492,27.87,29.03,26.71,0.534,33.73,38.44,33.24,1.751,3.825,0,1,64.55,1018.349,0
"2023-03-24 13:00:00",190,13.35,34.46,996,829,129.1,1013,0.213,8.63,3.699,29.89,31.32,28.68,0.641,30.46,33.91,28.37,1.601,4.7,0,1.072,86.2,1017.159,0
"2023-03-24 14:00:00",191,13.24,36.45,973,825,127.2,987,0.202,7.352,3.153,31.17,32.77,30.16,0.766,26.07,30.33,25.23,1.6,3.825,0,0.882,11.46,1015.796,0
"2023-03-24 15:00:00",192,13.21,38.02,868,783.8,131.5,880,0.155,5.188,2.225,32.52,34.14,30.93,0.794,23.19,27.45,22.84,1.659,4.15,0,0.983,34.61,1014.508,0
"2023-03-24 16:00:00",193,13.17,38.81,700.1,748,114.6,715.3,0.1,2.939,1.26,33.76,34.52,32.79,0.393,22.4,24.19,21.93,2.203,4.85,0,1.071,110.6,1013.344,0
"2023-03-24 17:00:00",194,13.14,38.96,479.2,685.1,90.1,494.3,0.05,1.159,0.497,34.74,35.35,33.99,0.284,20.89,23.08,20.32,2.342,4.975,0.35,0.937,161.3,1012.504,0
"2023-03-24 18:00:00",195,12.93,37.6,237.6,534,61.02,242.1,0.015,0.216,0.092,34.39,35.07,33.7,0.351,21.06,21.47,19.75,2.409,4.425,0.275,0.944,157.6,1012.079,0
"2023-03-24 19:00:00",196,11.16,33.96,38.19,141.3,17.46,37.44,0.002,0.009,0.004,32.61,33.71,31.68,0.626,19.76,21.72,19.57,3.088,5.075,1.2,0.805,211.1,1012.189,0
"2023-03-24 20:00:00",197,10.85,31.47,0,1.518,0,0,0,0.007,0.003,31.01,31.66,30.25,0.406,20.68,20.68,19.39,3.564,6.325,1.55,0.954,206.9,1012.911,0
"2023-03-24 21:00:00",198,10.73,29.61,0,0,0,0,0,0.007,0.003,29.16,30.26,27.07,0.781,25.92,26.52,20.69,2.311,5.425,0.7,1.031,314.8,1013.921,0
"2023-03-24 22:00:00",199,10.68,26.97,0,0.012,0,0,0,0.007,0.003,26.09,27.21,25.37,0.597,28.94,30.29,25.46,2.087,3.05,0.8,0.441,334.4,1014.678,0
"2023-03-24 23:00:00",200,10.65,25.62,0,0.007,0,0,0,0.008,0.004,25.06,26.26,24,0.722,32.44,32.64,28.16,1.92,3.25,0.875,0.485,330,1015.142,0
"2023-03-25 00:00:00",201,10.61,24.2,0,0.013,0,0,0,0.009,0.004,23.59,24.55,23.04,0.419,34.15,35.07,31.81,1.7,2.525,0,0.586,334.1,1015.463,0
"2023-03-25 01:00:00",202,10.57,23.47,0,0.02,0,0,-0.024,-4,-1.715,22.99,23.68,22.14,0.465,36.29,37.03,33.54,1.74,2.75,0,0.715,338.8,1015.55,0
"2023-03-25 02:00:00",203,10.54,22.84,0,0.038,0,0,-0.1,-4,-1.715,22.35,22.84,21.9,0.196,37.48,39.04,35.38,1.694,2.575,0.85,0.398,332.1,1015.257,0
"2023-03-25 03:00:00",204,10.54,22.86,0,0.047,0,0,-0.1,-4,-1.715,22.44,23.02,21.87,0.294,36.44,38.39,34.9,1.829,2.725,0.925,0.422,330.5,1015.088,0
"2023-03-25 04:00:00",205,10.5,22.55,0,0.014,0,0,-0.1,-4,-1.715,22.27,22.87,21.34,0.494,38.9,39.53,35,2.024,2.775,1.325,0.289,344,1014.902,0
"2023-03-25 05:00:00",206,10.49,21.88,0,0.039,0,0,-0.1,-4,-1.715,21.38,21.9,20.7,0.299,41.19,41.19,37.92,2.026,2.575,1.425,0.276,336.9,1015.036,0
"2023-03-25 06:00:00",207,10.46,20.63,0,0.008,0,0,-0.1,-4,-1.715,19.95,20.72,19.43,0.386,43.96,44.05,40.56,2.244,2.775,1.375,0.23,337.8,1015.414,0
"2023-03-25 07:00:00",208,10.45,20.21,6.248,12.92,0,5.768,-0.1,-4,-1.715,19.78,20.22,19.34,0.282,44.85,45.21,43.54,1.674,2.325,1.025,0.304,328.6,1015.716,0
"2023-03-25 08:00:00",209,11.13,21.45,142.3,358.3,15.93,141.7,-0.014,0.617,0.265,21.25,23.09,19.98,0.748,37.94,45.11,37.94,0.943,1.525,0,0.343,333.7,1016.173,0
"2023-03-25 09:00:00",210,13.65,25.45,385.9,635.8,75.06,390.9,0.033,2.178,0.934,25.31,27.19,23.13,1.089,35.05,39.07,32,0.944,2.675,0,0.907,154.7,1016.712,0
"2023-03-25 10:00:00",211,13.52,28.82,619.5,719.2,104.9,629.4,0.083,4.666,2.001,27.17,28.24,26.22,0.551,32.42,35.46,32.37,1.186,2.85,0,0.664,258,1017.128,0
"2023-03-25 11:00:00",212,13.44,31.53,766.4,597.8,195.4,774.9,0.14,6.506,2.79,28.18,30,27.13,0.712,32.5,35.01,30.36,1.194,3.35,0,0.744,193.3,1016.927,0
"2023-03-25 12:00:00",213,13.36,33.64,922,725.2,170.7,937,0.193,8.74,3.746,29.33,30.58,28.3,0.702,30.02,33.34,29.13,1.227,3.875,0,0.919,194.4,1016.307,0
"2023-03-25 13:00:00",214,13.29,35.34,893,586,222.9,900,0.192,8.81,3.777,30.36,31.9,29.14,0.677,25.94,30.86,25.19,1.259,2.65,0,0.726,52.09,1015.287,0
"2023-03-25 14:00:00",215,13.22,37.39,935,655.2,222.5,937,0.188,5.503,2.36,32.15,33.36,30.68,0.673,23.39,26.18,22.92,1.6,3.45,0,0.902,69.51,1014.081,0
"2023-03-25 15:00:00",216,13.16,38.89,779.7,482.9,270,765.7,0.146,5.601,2.402,33.28,35.07,31.6,0.857,22.49,24.6,20.37,1.357,4.625,0,0.948,31.08,1012.787,0
"2023-03-25 16:00:00",217,13.17,39.18,679.6,672.5,140.2,688.3,0.1,2.855,1.224,33.84,35.03,32.42,0.614,20.42,22.84,19.76,1.749,3.7,0.225,0.828,32.27,1011.751,0
"2023-03-25 17:00:00",218,13.15,38.91,456.7,593.4,109.8,464.8,0.046,1.053,0.451,34.69,35.57,33.88,0.465,19.15,20.98,18.85,1.823,4.125,0,0.917,103.2,1011.014,0
"2023-03-25 18:00:00",219,12.92,37.35,215.4,393.6,75.57,215.1,0.013,0.193,0.083,34.34,34.99,33.97,0.212,20.14,20.87,18.74,1.63,3.825,0,0.807,155.5,1010.698,0
"2023-03-25 19:00:00",220,11.13,34.1,32.02,86.5,17,29.97,0.002,0.015,0.006,32.9,34.12,31.79,0.725,23.74,23.87,19.87,1.6,3.3,0.25,0.521,189.9,1010.86,0
"2023-03-25 20:00:00",221,10.72,31.7,0,0.06,0,0,0,0.007,0.003,31.28,32.01,30.23,0.602,19.14,24.02,18.33,3.514,5.6,1.05,0.858,261.2,1011.359,0
"2023-03-25 21:00:00",222,10.7,29.16,0,0,0,0,0,0.001,0,28.61,30.19,26.58,1.283,27.52,28.43,19.18,2.364,4.325,0,0.841,325.5,1012.32,0
"2023-03-25 22:00:00",223,10.66,26.82,0,0.005,0,0,0,0.008,0.004,26.24,27.45,25.47,0.539,29.66,31.37,27.41,1.592,3.025,0,0.835,239.2,1013.357,0
"2023-03-25 23:00:00",224,10.65,25.49,0,0.012,0,0,0,0.008,0.004,25.34,26.23,24.05,0.723,34.15,34.46,27.59,0.944,1.975,0,0.631,339.3,1014.257,0
"2023-03-26 00:00:00",225,10.62,24.49,0,0.035,0,0,0,0.007,0.003,24.13,24.5,23.9,0.177,31.62,36.11,31.12,1.848,2.35,0.825,0.271,325.4,1014.977,0
"2023-03-26 01:00:00",226,10.58,23.57,0,0.009,0,0,-0.042,-4,-1.715,23.3,24.23,22.45,0.469,33.88,36.1,31.56,1.276,2.35,0,0.473,321.6,1015.351,0
"2023-03-26 02:00:00",227,10.53,22.49,0,0.003,0,0,-0.1,-4,-1.715,21.98,22.97,21.18,0.525,39.03,39.33,33.48,1.81,2.6,0.575,0.45,328.3,1015.286,0
"2023-03-26 03:00:00",228,10.53,21.68,0,0.025,0,0,-0.1,-4,-1.715,21.12,22.1,20.6,0.431,45.91,45.91,38.57,2.11,2.725,1.525,0.299,337.2,1015.059,0
"2023-03-26 04:00:00",229,10.49,20.83,0,0.01,0,0,-0.1,-4,-1.715,20.12,20.81,19.61,0.329,48.71,49.41,45.53,2.236,3.05,1.675,0.28,322.8,1015.007,0
"2023-03-26 05:00:00",230,10.46,20.24,0,0.01,0,0,-0.1,-4,-1.715,19.71,20.19,19.41,0.184,47.76,48.26,45.76,1.898,2.575,0.975,0.321,323.9,1015.098,0
"2023-03-26 06:00:00",231,10.41,19.74,0,0.009,0,0,-0.1,-4,-1.715,19.39,19.82,18.87,0.308,48.98,50.01,47.3,1.362,1.95,0,0.526,326.7,1015.528,0
"2023-03-26 07:00:00",232,10.45,19.72,7.417,19.36,0,6.913,-0.1,-4,-1.715,19.44,19.95,18.95,0.238,48.78,49.74,46.48,1.458,2,1.025,0.245,292.6,1016.274,0
"2023-03-26 08:00:00",233,11.16,21,152.6,422.5,18.81,150.2,-0.01,0.661,0.283,21.18,23.46,19.4,1.241,41.67,48.65,39.74,0.363,1.325,0,0.501,80.8,1017.077,0
"2023-03-26 09:00:00",234,13.67,24.83,397.2,671.8,69.51,398.9,0.035,2.253,0.966,25.08,26.03,23.59,0.706,41.46,44.3,38.68,0.78,2.375,0,0.63,123.8,1017.608,0
"2023-03-26 10:00:00",235,13.54,27.84,636.2,773.1,89.2,640.3,0.086,4.699,2.015,25.99,27.04,24.77,0.688,40.73,44.8,38.68,1.299,3.425,0,0.849,162.2,1017.875,0
"2023-03-26 11:00:00",236,13.47,30.55,826,807,109.8,833,0.148,7.062,3.028,27.1,28.18,26.34,0.467,38.48,41.07,36.93,1.565,3.65,0,0.879,202.5,1017.65,0
"2023-03-26 12:00:00",237,13.39,32.65,963,854,111.2,976,0.2,8.63,3.7,28.48,29.38,27.41,0.473,33.48,39.72,33.21,1.91,4.15,0,0.909,120.5,1016.954,0
"2023-03-26 13:00:00",238,13.36,34.26,1011,851,118.7,1026,0.221,8.86,3.797,29.61,30.82,28.82,0.574,29.04,33.34,28.16,1.675,3.7,0,0.829,113.6,1015.825,0
"2023-03-26 14:00:00",239,13.29,36.4,976,829,121.4,991,0.21,7.831,3.358,31.48,32.5,30.35,0.489,25.5,29.25,25.21,2.02,5.35,0.25,1.125,241.4,1014.637,0
"2023-03-26 15:00:00",240,13.2,37.78,893,827,117.7,901,0.17,5.825,2.498,32.46,33.7,31.49,0.583,22.62,26.36,21.76,2.219,4.8,0,1.104,255.9,1013.391,0
"2023-03-26 16:00:00",241,13.16,38.87,715.5,782.7,103.5,724.6,0.107,2.9,1.244,33.93,34.93,32.44,0.674,21.2,22.92,21.07,2.325,5.2,0.225,1.039,45.14,1012.232,0
"2023-03-26 17:00:00",242,13.17,39.01,471.5,656.4,94.3,480.9,0.047,1.045,0.448,34.86,35.52,33.91,0.34,22.59,22.72,21.09,2.448,5.125,0.25,1.103,210.6,1011.593,0
"2023-03-26 18:00:00",243,12.92,37.21,229.1,481.4,65.7,230.1,0.014,0.206,0.088,34.14,34.7,33.49,0.399,21.26,23.22,20.68,3.071,5.25,0.575,0.981,170.4,1011.49,0
"2023-03-26 19:00:00",244,11.17,33.85,37.78,126.7,18.8,36.67,0.002,0.011,0.005,32.68,33.53,31.84,0.507,19.71,21.76,19.42,3.614,5.95,2,0.818,213.8,1011.857,0
"2023-03-26 20:00:00",245,10.86,31.61,0,0.007,0,0,0,0.011,0.005,31.14,31.87,30.38,0.409,18.61,19.87,18.35,3.799,5.75,1.675,0.809,208.3,1012.718,0
"2023-03-26 21:00:00",246,10.71,30.12,0,0.004,0,0,0,0.008,0.004,29.62,30.36,28.84,0.453,20.85,20.85,18.54,3.13,5.525,1.125,0.895,227.6,1013.628,0
"2023-03-26 22:00:00",247,10.7,27.38,0,0,0,0,0,0.006,0.002,26.66,28.84,25.02,0.971,31.05,31.48,20.86,1.474,3.025,0,0.681,351.1,1014.363,0
"2023-03-26 23:00:00",248,10.65,25.51,0,0.015,0,0,0,0.007,0.003,25.2,25.43,24.65,0.167,34.5,34.5,30.96,0.428,1.6,0,0.521,81.8,1015.044,0
"2023-03-27 00:00:00",249,10.62,25.01,0,0.147,0,0,0,0.007,0.003,24.62,25.37,24.23,0.368,31.14,35.64,30.53,1.394,2.475,0,0.644,297.4,1015.33,0
"2023-03-27 01:00:00",250,10.57,24.59,0,0.004,0,0,-0.003,0.006,0.003,24.41,25.35,23.59,0.506,37.62,37.66,31.14,0.686,2,0,0.596,343.2,1015.456,0
"2023-03-27 02:00:00",251,10.54,23.39,0,0.023,0,0,-0.078,-4,-1.715,22.97,23.59,22.35,0.291,39.18,39.27,36.86,1.363,2.125,0,0.464,310.7,1015.682,0
"2023-03-27 03:00:00",252,10.54,22.33,0,0.02,0,0,-0.1,-4,-1.715,21.58,22.46,20.9,0.406,43.07,43.9,39.19,2.274,3.15,1.375,0.358,331,1015.602,0
"2023-03-27 04:00:00",253,10.5,21.61,0,0.005,0,0,-0.1,-4,-1.715,21.01,21.24,20.75,0.148,41.89,43.68,41.57,1.798,2.425,1.15,0.328,325,1015.303,0
"2023-03-27 05:00:00",254,10.46,20.83,0,0.001,0,0,-0.1,-4,-1.715,20.2,21.1,19.54,0.481,47.51,47.64,41.89,2.024,2.45,1.5,0.234,5.934,1015.54,0
"2023-03-27 06:00:00",255,10.46,20.04,0,0.013,0,0,-0.1,-4,-1.715,19.5,19.92,18.98,0.281,50.87,50.87,47.19,1.606,2.55,0,0.499,339.1,1016.082,0
"2023-03-27 07:00:00",256,10.46,19.5,7.382,11.06,0,7.144,-0.1,-4,-1.715,18.76,19.19,18.46,0.186,53.24,53.24,50.52,2.17,2.6,1.7,0.204,344.8,1016.88,0
"2023-03-27 08:00:00",257,11.17,21.25,152.2,381.5,21.53,149.6,-0.006,0.627,0.269,20.84,24.22,18.74,1.535,43.38,53.72,43.38,1.28,2.225,0,0.703,163.3,1017.477,0
"2023-03-27 09:00:00",258,13.64,25.18,396.6,638.7,77.99,396.5,0.032,2.104,0.902,25.03,26,24.08,0.49,39.97,45.29,38.9,1.417,2.85,0,0.687,195.4,1018.124,0
"2023-03-27 10:00:00",259,13.52,28.38,634.9,753.2,96.5,637.5,0.08,4.448,1.907,26.52,28,25.26,0.678,32.59,40.85,32.59,1.304,2.975,0,0.757,94.3,1018.416,0
"2023-03-27 11:00:00",260,13.44,31.11,834,819,106.6,841,0.142,6.78,2.908,27.84,28.5,27.44,0.269,32.6,34.5,31.9,1.512,3.8,0,0.865,142.4,1018.19,0
"2023-03-27 12:00:00",261,13.4,32.93,955,832,121.6,968,0.183,7.866,3.373,28.77,30.07,27.78,0.69,29.55,33.22,29.48,1.657,3.55,0,0.85,127.9,1017.549,0
"2023-03-27 13:00:00",262,13.33,34.88,1009,838,127.4,1022,0.204,8.32,3.568,30.37,32,28.73,0.802,25.98,31.31,24.54,1.913,4.625,0,1.143,150.6,1016.413,0
"2023-03-27 14:00:00",263,13.24,37.02,985,832,128.2,995,0.196,7.016,3.008,31.86,32.93,31.04,0.448,23.09,25.69,22.81,1.598,3.875,0,0.958,115,1015.116,0
"2023-03-27 15:00:00",264,13.21,38.18,876,778.7,137.3,881,0.154,4.939,2.118,32.85,34.19,31.84,0.539,23.26,25.5,22.69,2.347,4.675,0,1.045,174.6,1013.974,0
"2023-03-27 16:00:00",265,13.17,39.27,693,705.2,131.6,700,0.095,2.721,1.167,34.03,35.07,32.85,0.569,20.39,23.68,20.26,1.87,4.325,0,0.983,165.2,1013.047,0
"2023-03-27 17:00:00",266,13.17,38.82,469.1,620.3,105.8,476.9,0.045,1.009,0.433,34.35,35.28,33.55,0.463,21.31,21.57,20.15,2.006,4.975,0,0.977,111.6,1012.46,0
"2023-03-27 18:00:00",267,12.91,37.58,218.6,423.5,70.04,217.7,0.013,0.194,0.083,34.49,34.98,33.98,0.24,22.2,22.49,20.66,1.732,4.425,0.25,0.822,130.9,1012.46,0
"2023-03-27 19:00:00",268,11.13,34.13,31.72,80.3,17.34,29.49,0.002,0.01,0.004,32.9,34.02,31.83,0.692,24.95,24.95,21.82,0.85,3.2,0,0.767,90.5,1012.838,0
"2023-03-27 20:00:00",269,10.72,31.71,0,0.094,0,0,0,0.009,0.004,31.24,31.78,30.66,0.22,22.63,27.29,22.39,1.307,4.1,0,1.047,232.3,1013.505,0
"2023-03-27 21:00:00",270,10.7,29.59,0,0.005,0,0,0,0.009,0.004,29.24,31.01,27.55,1.111,30.91,31.39,22.35,1.001,4.125,0,0.818,21.96,1014.227,0
"2023-03-27 22:00:00",271,10.67,28.24,0,0.075,0,0,0,0.008,0.003,27.93,28.24,27.66,0.146,26.67,31.54,26.06,1.501,3.75,0,0.721,196.5,1015.304,0
"2023-03-27 23:00:00",272,10.65,27.3,0,0.015,0,0,0,0.011,0.005,26.95,27.83,26.09,0.633,34.17,34.25,26.72,0.969,2.625,0,0.727,39.32,1016.266,0
"2023-03-28 00:00:00",273,10.61,25.81,0,0.002,0,0,0,0.007,0.003,25.34,26.09,24.8,0.437,37.68,37.88,34.14,0.708,1.525,0,0.544,343.7,1016.719,0
"2023-03-28 01:00:00",274,10.57,24.34,0,0.006,0,0,-0.002,0.007,0.003,24.09,24.82,23.6,0.344,39.86,39.86,37.54,0.296,1.475,0,0.42,147.3,1016.523,0
"2023-03-28 02:00:00",275,10.54,23.14,0,0.009,0,0,-0.087,-4,-1.715,22.56,23.59,21.6,0.562,42.02,43.32,39.89,1.206,2.825,0,0.853,313.5,1016.663,0
"2023-03-28 03:00:00",276,10.54,22.33,0,0.02,0,0,-0.1,-4,-1.715,21.65,22.62,21.28,0.343,44.14,44.85,41.07,1.77,2.875,0.8,0.343,0.444,1016.554,0
"2023-03-28 04:00:00",277,10.49,21.42,0,0.013,0,0,-0.1,-4,-1.715,21.05,21.68,20.62,0.292,47.55,48.64,44.17,0.755,1.975,0,0.623,308.2,1016.578,0
"2023-03-28 05:00:00",278,10.46,21.27,0,0.043,0,0,-0.1,-4,-1.715,20.98,21.39,20.51,0.275,46.44,49.09,46.26,1.367,2.3,0.25,0.453,316.3,1016.898,0
"2023-03-28 06:00:00",279,10.46,20.48,0,0.005,0,0,-0.1,-4,-1.715,19.9,21.17,19.19,0.612,52.7,52.7,46.66,1.83,3.25,0.5,0.521,24.64,1017.218,0
"2023-03-28 07:00:00",280,10.45,19.75,7.777,10.7,0,7.253,-0.1,-4,-1.715,19.11,19.56,18.77,0.193,52.22,53.64,52.22,1.522,2.075,0,0.506,348.7,1017.93,0
"2023-03-28 08:00:00",281,11.13,21.31,146.9,332.3,16.88,142,-0.019,0.601,0.258,21.48,23.42,19.56,1.248,42.67,52.61,42.32,0.084,1.075,0,0.234,0.159,1018.587,0
"2023-03-28 09:00:00",282,13.64,24.86,393.3,606.8,84.8,391.4,0.032,2.103,0.902,24.61,25.65,23,0.54,38.19,42.71,36.34,1.362,2.725,0,0.803,149.4,1019.167,0
"2023-03-28 10:00:00",283,13.56,28.05,633.9,735.4,103.6,634.1,0.08,4.308,1.847,26.17,26.8,25.09,0.393,35.45,37.91,33.28,1.239,2.525,0,0.682,158.8,1019.433,0
"2023-03-28 11:00:00",284,13.46,30.3,824,781.6,122,830,0.136,6.261,2.685,26.89,28.14,25.89,0.48,32.69,36.89,32.56,1.629,4.125,0,0.867,245.4,1019.145,0
"2023-03-28 12:00:00",285,13.4,32.53,947,799.7,136.4,956,0.179,7.309,3.134,28.38,29.04,27.71,0.378,32.41,33.51,30.65,2.034,4.825,0,0.934,57.03,1018.538,0
"2023-03-28 13:00:00",286,13.36,33.88,989,783.4,152.3,998,0.187,7.353,3.153,29.16,30.26,27.95,0.574,29.33,32.42,28.21,2.05,5.7,0,1.181,193.7,1017.517,0
"2023-03-28 14:00:00",287,13.3,35.66,948,738.5,168.5,957,0.166,5.693,2.441,30.52,31.81,29.26,0.587,27.43,29.87,26.51,1.757,4.7,0,1.066,300.7,1016.289,0
"2023-03-28 15:00:00",288,13.21,36.97,820,638.2,191.5,825,0.116,3.641,1.561,31.6,32.77,30.63,0.546,26.66,27.79,25.23,2.251,4.975,0,1.053,267.3,1015.271,0
"2023-03-28 16:00:00",289,13.21,37.36,626.7,513.9,191.3,629.1,0.068,1.946,0.834,32.72,33.96,31.66,0.536,23.23,26.51,23.23,2.122,5.325,0,1.076,192.1,1014.431,0
"2023-03-28 17:00:00",290,13.21,37.74,425.3,421.5,159.4,422.9,0.033,0.781,0.335,33.83,34.79,32.85,0.548,23.99,24.51,22.57,2.159,5.1,0,1.155,18.8,1013.852,0
"2023-03-28 18:00:00",291,12.97,36.75,225.9,239.6,125.2,213.4,0.011,0.168,0.072,33.52,33.97,33.18,0.19,23.59,24.15,22.76,1.075,3.25,0,0.828,206.7,1013.793,0
"2023-03-28 19:00:00",292,11.46,34.01,38.55,43.38,26.86,35.15,0.001,0.008,0.004,32.17,33.27,31.41,0.504,26.26,26.73,23.46,0.422,1.65,0,0.487,22.92,1014.038,0
"2023-03-28 20:00:00",293,10.9,32.14,0,0.008,0,0,0,0.009,0.004,31.03,31.42,30.76,0.223,28.08,28.86,26.15,0.73,1.8,0,0.558,15.51,1014.791,0
"2023-03-28 21:00:00",294,10.72,30.46,0,0.002,0,0,0,0.008,0.003,29.47,30.87,28.33,0.75,32.78,32.78,28.23,3.832,8.83,0,1.776,326.6,1015.736,0
"2023-03-28 22:00:00",295,10.69,29.19,0,0.011,0,0,0,0.008,0.003,27.94,28.35,27.65,0.167,32.12,33.13,31.37,3.319,7.25,0.325,1.486,331.8,1017.275,0
"2023-03-28 23:00:00",296,10.66,28.2,0,0.007,0,0,0,0.007,0.003,27.35,27.69,26.88,0.264,34.83,35.02,31.97,2.558,6.125,0.625,0.939,342.3,1017.773,0
"2023-03-29 00:00:00",297,10.66,26.99,0,1.509,0,0,0,0.009,0.004,26.43,26.96,26.06,0.252,35.46,37.62,34.77,1.898,5.4,0,1.225,176.7,1017.904,0
"2023-03-29 01:00:00",298,10.62,25.87,0,0.468,0,0,0,0.008,0.004,25.29,26.23,24.64,0.443,38.89,39.83,35.29,1.825,3.575,0,0.994,301.7,1017.981,0
"2023-03-29 02:00:00",299,10.55,24.69,0,0.01,0,0,-0.06,-4,-1.715,24.15,24.84,23.44,0.489,42.28,43.69,38.86,1.365,3.725,0,1.032,262.6,1018.019,0
"2023-03-29 03:00:00",300,10.54,23.49,0,0,0,0,-0.1,-4,-1.715,22.95,23.91,21.64,0.641,51,51,42.09,1.34,2.9,0,0.783,331.6,1018.083,0
"2023-03-29 04:00:00",301,10.49,22.63,0,0.032,0,0,-0.1,-4,-1.715,21.78,22.11,21.33,0.187,51.69,51.72,49.27,2.196,3.375,0.45,0.468,336.2,1018.037,0
"2023-03-29 05:00:00",302,10.5,21.89,0,0.016,0,0,-0.1,-4,-1.715,21.18,21.99,20.49,0.478,53.63,53.94,49.38,1.86,2.975,1.075,0.327,0.611,1017.982,0
"2023-03-29 06:00:00",303,10.45,21.45,0,0.029,0,0,-0.1,-4,-1.715,20.66,20.97,20.41,0.157,55.07,55.41,53.7,1.996,2.9,0,0.647,335.2,1018.287,0
"2023-03-29 07:00:00",304,10.46,21.21,9.07,9.69,0,7.904,-0.1,-4,-1.715,20.58,21.27,19.92,0.401,57.28,58.49,54.12,1.791,3.05,0.525,0.378,335.9,1018.673,0
"2023-03-29 08:00:00",305,11.08,22.52,145.4,255.3,13.48,140.8,-0.013,0.614,0.263,22.26,25.19,20.28,1.586,46.84,57.54,45.47,0.609,2.05,0,0.691,65.5,1018.989,0
"2023-03-29 09:00:00",306,13.61,26.03,383.9,523,107.3,380.3,0.032,2.103,0.902,25.91,26.68,24.65,0.483,42.21,46.87,41.67,1.189,3.65,0,1.04,184,1019.264,0
"2023-03-29 10:00:00",307,13.52,28.93,628.6,672.8,131.2,628.1,0.08,4.384,1.88,26.46,27.45,25.52,0.57,38.8,42.82,37.34,1.651,3.4,0,0.888,123.6,1019.177,0
"2023-03-29 11:00:00",308,13.44,30.89,831,753.5,145.3,835,0.141,6.702,2.874,27.33,28.27,25.95,0.512,37.37,42.11,36.87,2.388,4.7,0.275,0.94,50.3,1018.685,0
"2023-03-29 12:00:00",309,13.38,32.86,938,739.6,175.3,949,0.179,7.556,3.24,28.86,29.65,27.71,0.359,34.43,37.06,32.99,2.27,5.55,0,1.045,219.2,1018.11,0
"2023-03-29 13:00:00",310,13.32,34.74,977,706.1,204,986,0.192,7.581,3.251,29.7,31.18,28.04,0.876,32.3,36,30.19,2.069,5.45,0,1.468,211.5,1017.072,0
"2023-03-29 14:00:00",311,13.29,36.18,940,664.4,220.3,950,0.176,6.49,2.783,30.99,32,29.88,0.641,30.41,32.59,29.41,2.402,5.525,0,1.148,140,1015.867,0
"2023-03-29 15:00:00",312,13.21,37.76,840,626.4,217.7,844,0.142,4.813,2.064,32.35,34.27,31.43,0.689,28.56,31.12,27.69,1.933,4.8,0,1.221,121.9,1014.646,0
"2023-03-29 16:00:00",313,13.17,38.8,670.4,560.2,199.6,672.7,0.089,2.492,1.069,33.33,34.77,32.12,0.703,27.51,30.37,27.37,2.044,4.8,0,1.132,162.6,1013.515,0
"2023-03-29 17:00:00",314,13.04,38.1,442.6,422.8,170.7,438.4,0.042,0.886,0.38,33.57,34.7,32.66,0.525,28.26,29.63,27.39,2.298,5.95,0,1.361,199.1,1012.96,0
"2023-03-29 18:00:00",315,12.9,36.27,199.2,224.1,108.8,192.8,0.012,0.196,0.084,33.19,33.89,32.58,0.356,27.76,28.82,26.43,1.83,5.425,0,1.268,172.8,1012.914,0
"2023-03-29 19:00:00",316,11.13,33.49,31.28,5.478,24.8,26.98,0.002,0.01,0.004,32.07,32.88,31.4,0.438,30.57,30.58,27.72,2.056,3.875,0.675,0.688,245.3,1013.188,0
"2023-03-29 20:00:00",317,10.73,31.87,0,0.017,0,0,0,0.006,0.002,30.71,31.4,30.18,0.402,30.63,33.86,30.57,1.823,4.475,0,0.691,80.2,1013.926,0
"2023-03-29 21:00:00",318,10.69,28.71,0.039,0.11,0,0.008,0,0.008,0.003,28.19,30.66,27.03,1.361,45.42,49.27,29.59,2.919,6.75,0.3,1.646,73.8,1015.676,0
"2023-03-29 22:00:00",319,10.66,26.74,0.013,0.115,0,0,0,0.008,0.003,25.54,27.48,24.67,0.796,37.84,45.68,37.81,4.855,8.18,1.575,1.665,345.6,1017.271,0
"2023-03-29 23:00:00",320,10.66,26.73,0,0.033,0,0,0,0.008,0.004,25.8,26.03,25.65,0.095,38.36,38.52,36.64,2.706,4.875,0,1.264,158.6,1018.063,0
"2023-03-30 00:00:00",321,10.62,26.14,0,0.015,0,0,0,0.008,0.003,25.25,25.8,24.7,0.362,43.93,46.58,37.93,1.776,3.975,0,0.935,265.3,1018.415,0
"2023-03-30 01:00:00",322,10.58,25,0,0.027,0,0,0,0.009,0.004,24.32,24.93,24.03,0.216,44.37,47.78,42.59,2.979,4.525,1.525,0.637,263.5,1018.315,0
"2023-03-30 02:00:00",323,10.55,24.15,0,0.012,0,0,-0.07,-4,-1.715,23.53,24.23,22.79,0.331,49.44,49.44,44.11,2.063,3.225,0.925,0.454,292.3,1018.158,0
"2023-03-30 03:00:00",324,10.54,23.01,0,0,0,0,-0.1,-4,-1.715,22.34,22.81,21.94,0.248,50.73,51.04,49.18,1.825,2.825,0.8,0.463,292.5,1017.986,0
"2023-03-30 04:00:00",325,10.5,22.02,0,0.002,0,0,-0.1,-4,-1.715,21.36,22.07,20.74,0.479,53.74,54.12,49.88,2.212,3.475,0.8,0.608,330.9,1017.692,0
"2023-03-30 05:00:00",326,10.46,21.41,0,0.009,0,0,-0.1,-4,-1.715,20.82,21.1,20.52,0.147,53.73,54.38,51.92,1.987,3.675,0.45,0.727,342.9,1017.736,0
"2023-03-30 06:00:00",327,10.45,20.48,0,0.014,0,0,-0.1,-4,-1.715,19.93,20.54,19.39,0.314,57.02,57.28,53.54,1.593,2.25,0,0.424,338.6,1017.859,0
"2023-03-30 07:00:00",328,10.49,19.86,12.56,32.12,0,10.72,-0.1,-4,-1.715,19.19,19.49,18.87,0.163,57.19,58.47,56.34,1.712,2.4,0.675,0.37,331.3,1018.109,0
"2023-03-30 08:00:00",329,11.19,21.73,167.7,387.4,29.6,161.9,0.006,0.715,0.306,21.56,24.45,19.29,1.26,43.79,56.89,43.71,0.238,1.375,0,0.409,334.1,1018.496,0
"2023-03-30 09:00:00",330,13.59,25.35,395.3,566.7,96,392.6,0.035,2.296,0.984,24.54,25.5,23.81,0.481,40.09,45.74,40.09,1.693,3.725,0,1.016,152.5,1019.045,0
"2023-03-30 10:00:00",331,13.51,28.45,653.3,740,116,652.3,0.087,4.475,1.919,26.11,27.26,25.37,0.44,38.01,40.79,36.2,2.009,3.875,0,0.808,225.3,1019.299,0
"2023-03-30 11:00:00",332,13.48,30.35,827,727.5,158.3,838,0.137,6.789,2.911,26.86,28.23,25.88,0.624,34.91,39.28,34.24,2.038,4.3,0,0.945,95.2,1019.023,0
"2023-03-30 12:00:00",333,13.4,32.64,877,570,243.7,886,0.174,7.294,3.128,28.5,29.7,27.77,0.473,33.24,35.85,32.15,1.791,4.2,0,0.916,61.12,1018.349,0
"2023-03-30 13:00:00",334,13.36,34.17,1040,775.1,196.9,1037,0.212,8.86,3.8,29.43,30.36,28.14,0.57,30.55,33.87,30.35,2.232,4.875,0,1.073,139.2,1017.309,0
"2023-03-30 14:00:00",335,13.29,35.45,1028,824,164.8,1028,0.211,7.494,3.213,30.62,31.29,29.49,0.455,28.72,31.45,27.48,2.832,6.175,0.5,1.208,71.25,1016.299,0
"2023-03-30 15:00:00",336,13.21,37.01,919,853,115.4,922,0.169,5.526,2.37,31.68,33.08,30.54,0.663,22.45,28.83,21.95,2.105,4.7,0,1.168,98.4,1015.297,0
"2023-03-30 16:00:00",337,13.2,37.69,619.4,531.7,161.5,625.8,0.095,2.685,1.152,33.13,34.27,32.22,0.458,18.82,22.7,16.23,1.749,4.9,0,1.175,169.9,1014.323,0
"2023-03-30 17:00:00",338,13.2,37.34,419.5,347.1,183.6,413.2,0.047,1.04,0.446,33.41,34.69,32.38,0.553,18.03,19.5,17.26,1.561,3.6,0,0.891,11.71,1013.832,0
"2023-03-30 18:00:00",339,12.88,34.54,151.5,77.57,99.9,143.4,0.013,0.174,0.075,32.29,33.37,31.76,0.479,19.33,19.91,17.1,0.871,2.3,0,0.662,157.7,1013.635,0
"2023-03-30 19:00:00",340,11.13,31.81,23.84,1.695,18.52,21.36,0.001,0.01,0.004,31.1,31.81,30.13,0.477,21.93,23.89,19.3,0.189,1.275,0,0.346,332.6,1013.794,0
"2023-03-30 20:00:00",341,10.85,29.34,0,0,0,0,0,0.008,0.003,28.64,30.12,27.6,0.881,24.84,25.74,21.66,2.058,3.15,1.15,0.485,326.3,1014.246,0
"2023-03-30 21:00:00",342,10.69,27.99,0,0.008,0,0,0,0.008,0.003,27.36,27.61,27.07,0.149,24.84,25.79,24.04,1.718,3,0,0.683,334.5,1014.87,0
"2023-03-30 22:00:00",343,10.67,26.56,0,0.012,0,0,0,0.009,0.004,26.31,27.06,25.6,0.425,28.27,29.44,24.64,0.685,2.525,0,0.684,341.4,1015.596,0
"2023-03-30 23:00:00",344,10.65,25.34,0,0.034,0,0,0,0.009,0.004,24.96,25.7,24.26,0.362,30.87,31.63,27.05,1.408,2.175,0,0.548,7.692,1016.337,0
"2023-03-31 00:00:00",345,10.6,25.01,0,0.065,0,0,0,0.009,0.004,24.85,25.34,24.29,0.251,32.75,34.37,30.99,1.321,1.975,0.275,0.323,324.9,1016.915,0
"2023-03-31 01:00:00",346,10.57,24.34,0,0.042,0,0,0,0.009,0.004,24.01,25.27,22.81,0.71,42.2,44.32,31.86,1.629,3.275,0,0.707,334.2,1017.258,0
"2023-03-31 02:00:00",347,10.53,23.4,0,0.029,0,0,-0.046,-4,-1.715,22.71,23.09,22.36,0.186,38.14,44.67,37.17,2.377,3.2,1.2,0.33,35.07,1017.261,0
"2023-03-31 03:00:00",348,10.52,22.95,0,0.007,0,0,-0.1,-4,-1.715,22.42,22.74,22.03,0.153,41.27,41.27,37.9,2.155,3.05,1.175,0.356,335.6,1017.174,0
"2023-03-31 04:00:00",349,10.5,22.37,0,0.007,0,0,-0.1,-4,-1.715,22.27,22.53,21.91,0.204,43.65,43.82,41.32,0.99,2.05,0,0.511,350.8,1017.056,0
"2023-03-31 05:00:00",350,10.46,21.9,0,0.014,0,0,-0.1,-4,-1.715,21.57,22.08,21.15,0.207,46.55,46.55,43.6,1.399,2,0,0.543,330.3,1017.121,0
"2023-03-31 06:00:00",351,10.45,21.15,0,0.002,0,0,-0.1,-4,-1.715,20.78,21.18,20.43,0.217,49.32,49.49,46.26,1.274,2.325,0,0.51,351.5,1017.593,0
"2023-03-31 07:00:00",352,10.46,20.57,10.82,28.41,0,9.12,-0.1,-4,-1.715,20.24,20.79,19.78,0.245,48.64,52.29,48.64,0.947,2.275,0,0.617,324,1018.349,0
"2023-03-31 08:00:00",353,11.13,22.65,157.9,352.1,19.09,151.7,-0.013,0.663,0.284,22.35,24.33,20.78,1.151,43.99,48.98,43.75,0.813,1.925,0,0.634,28.48,1019.032,0
"2023-03-31 09:00:00",354,13.61,26.03,401.8,589.8,94.7,392.5,0.034,2.168,0.93,25.59,26.57,24.31,0.667,40.01,43.95,39.27,1.024,2.775,0,0.631,188.2,1019.729,0
"2023-03-31 10:00:00",355,13.51,28.88,632.9,696.4,123.9,634.6,0.082,4.44,1.904,26.73,27.52,25.75,0.374,38.66,41.99,37.5,1.286,2.75,0,0.675,9.21,1019.955,0
"2023-03-31 11:00:00",356,13.43,31.48,833,769.2,136.7,838,0.142,6.885,2.952,27.58,28.75,26.62,0.622,37.29,40.1,35.13,1.444,3.175,0.225,0.736,160.2,1019.53,0
"2023-03-31 12:00:00",357,13.36,33.19,963,807,142.7,968,0.188,7.925,3.399,28.8,30.43,27.69,0.569,33.36,38.12,32.81,1.544,3.975,0,0.787,64.7,1018.715,0
"2023-03-31 13:00:00",358,13.32,34.91,1022,834,138,1025,0.206,8.3,3.558,30.06,31.17,29.27,0.511,31.91,34.33,30.86,1.696,4.425,0,0.972,150.5,1017.603,0
"2023-03-31 14:00:00",359,13.23,36.45,991,820,139.1,991,0.197,7.191,3.083,31.01,32.07,29.72,0.636,29.06,32.49,28.48,1.703,4.05,0,0.981,228,1016.404,0
"2023-03-31 15:00:00",360,13.19,37.54,884,790.8,133.8,882,0.156,5.198,2.229,32.2,33.07,31.09,0.524,26.55,29.96,26.52,2.677,6.125,0,1.295,113,1014.996,0
"2023-03-31 16:00:00",361,13.16,39.26,707,749.4,119.8,708.5,0.099,2.822,1.21,33.62,34.69,32.13,0.612,23.39,27.63,23.26,1.374,3.725,0,0.826,7.978,1014.028,0
"2023-03-31 17:00:00",362,13.17,39.17,484.9,659.9,100.9,482.2,0.046,1.052,0.451,34.39,34.92,33.47,0.31,22.55,24.43,22.31,1.902,4.825,0,1.11,147.6,1013.525,0
"2023-03-31 18:00:00",363,12.9,37.58,229.8,450.2,71.89,224.1,0.014,0.194,0.083,34.33,34.97,33.67,0.317,22.71,24.26,22.62,1.247,3.4,0,0.907,344.7,1013.458,0
"2023-03-31 19:00:00",364,11.13,34.32,33.07,85.7,16.84,29.11,0.002,0.01,0.004,32.81,34.73,31.62,0.728,25.21,25.21,22.59,0.847,2.175,0,0.598,168.1,1013.769,0
"2023-03-31 20:00:00",365,10.74,31.09,0,0,0,0,0,0.007,0.003,30.39,31.6,29.21,0.725,30.35,30.72,25.2,0.768,1.925,0,0.664,330.7,1014.153,0
"2023-03-31 21:00:00",366,10.69,28.91,0,0.017,0,0,0,0.008,0.003,28.1,29.19,27.69,0.3,31.25,33.16,30.38,1.745,4.4,0,0.672,341.5,1014.916,0
"2023-03-31 22:00:00",367,10.66,27.44,0,0,0,0,0,0.008,0.003,27.09,27.91,26.23,0.419,34.9,35.25,31.36,1.128,2.3,0,0.733,313.1,1015.534,0
"2023-03-31 23:00:00",368,10.66,26.2,0,0.027,0,0,0,0.009,0.004,25.78,26.52,25.12,0.386,36.97,37.96,34.01,1.259,2.7,0,0.706,340.8,1016.146,0
"2023-04-01 00:00:00",369,10.61,25.07,0,0.01,0,0,0,0.008,0.004,24.75,25.33,23.88,0.492,42.03,42.8,36.41,0.835,1.625,0,0.57,317.1,1016.71,0
"2023-04-01 01:00:00",370,10.57,24.43,0,0.055,0,0,0,0.01,0.004,24.21,24.68,23.91,0.232,40.53,43.2,39.89,1.283,2.475,0,0.632,304.7,1016.946,0
"2023-04-01 02:00:00",371,10.53,23.75,0,0.03,0,0,-0.069,-4,-1.715,23.37,24.26,22.76,0.377,45.6,45.95,40.54,1.362,2.625,0,0.84,339.6,1017.014,0
"2023-04-01 03:00:00",372,10.51,22.92,0,0.025,0,0,-0.1,-4,-1.715,22.33,22.81,21.96,0.225,46.53,47.19,44.47,1.824,2.5,0.25,0.404,336.3,1017.003,0
"2023-04-01 04:00:00",373,10.48,22.38,0,0.021,0,0,-0.1,-4,-1.715,21.66,22.18,21.32,0.219,48.85,48.85,46.18,2.402,2.825,1.925,0.187,342.3,1016.873,0
"2023-04-01 05:00:00",374,10.46,21.46,0,0.001,0,0,-0.1,-4,-1.715,20.82,21.37,20.25,0.391,52,52.2,48.92,1.768,2.475,0.475,0.413,334,1017.077,0
"2023-04-01 06:00:00",375,10.42,20.77,0,0.019,0,0,-0.1,-4,-1.715,20.16,20.95,19.84,0.307,52.89,53.05,49.7,1.838,2.275,1.275,0.235,336.5,1017.709,0
"2023-04-01 07:00:00",376,10.46,20.49,11.13,26.77,0,9.22,-0.1,-4,-1.715,19.97,20.5,19.55,0.31,53.47,54.48,52.2,1.674,2.475,0,0.585,337.7,1018.337,0
"2023-04-01 08:00:00",377,11.13,22.32,160.9,363.6,20.83,152.9,-0.011,0.654,0.281,22.03,26.56,19.71,2.024,39.8,53.31,39.8,1.308,2.775,0,1.133,96.4,1019.169,0
"2023-04-01 09:00:00",378,13.6,26.01,403.8,605.1,89.8,391.3,0.033,2.173,0.932,26.62,27.46,25.82,0.445,39.79,42.8,39.16,0.61,2,0,0.592,130.1,1019.756,0
"2023-04-01 10:00:00",379,13.51,29.2,636.8,723.5,112.9,636.4,0.081,4.352,1.866,27.42,28.25,26.52,0.351,39.74,42.11,36.34,1.147,3.425,0,0.854,212.8,1020.022,0
"2023-04-01 11:00:00",380,13.43,31.86,837,786.6,131.4,839,0.141,6.876,2.949,28.32,29.56,27.15,0.611,36.51,40.5,35.4,1.573,3.8,0,0.881,146.5,1019.827,0
"2023-04-01 12:00:00",381,13.36,33.78,971,834,133.1,975,0.19,8.12,3.484,29.65,30.79,28.68,0.545,31.25,36.47,31.25,1.53,3.75,0,0.878,248.5,1019.131,0
"2023-04-01 13:00:00",382,13.28,35.33,1030,857,126.2,1030,0.209,8.49,3.639,30.82,31.51,30.15,0.357,29.3,32.69,28.73,1.863,4.325,0,0.989,58.35,1017.996,0
"2023-04-01 14:00:00",383,13.24,37.07,1013,873,113.7,1010,0.207,7.815,3.351,31.98,32.99,30.55,0.576,26,30.56,26,1.782,3.65,0,0.81,109.6,1016.661,0
"2023-04-01 15:00:00",384,13.17,39.23,912,865,101.5,905,0.168,5.676,2.434,34.13,35.44,32.9,0.622,22.24,26.64,21.89,1.853,4.55,0,0.947,147.8,1015.357,0
"2023-04-01 16:00:00",385,13.13,39.95,739.4,846,86.5,740.2,0.111,3.27,1.402,34.9,35.73,33.58,0.412,20.22,21.91,19.98,2.255,6.25,0,1.218,126.8,1014.283,0
"2023-04-01 17:00:00",386,13.13,40.19,519.9,791.1,70.89,515.1,0.055,1.248,0.535,35.94,37.29,35.03,0.547,16.87,20.68,15.64,2.302,5.275,0,1.335,231.6,1013.552,0
"2023-04-01 18:00:00",387,12.81,38.49,259.2,634.7,51.29,251.2,0.016,0.235,0.101,35.42,36.17,34.67,0.372,16.24,17.99,15.91,2.509,5.275,0,1.079,201.9,1013.377,0
"2023-04-01 19:00:00",388,11.01,35.29,42.36,195.4,9.59,37.77,0.002,0.01,0.004,34.23,35.23,33.2,0.642,17.47,17.66,16.07,1.609,3.5,0.375,0.552,274.2,1013.536,0
"2023-04-01 20:00:00",389,10.73,31.6,0,0,0,0,0,0.009,0.004,31.19,33.19,28.9,1.595,22.67,22.9,17.05,2.507,4.975,1.275,0.94,328,1013.959,0
"2023-04-01 21:00:00",390,10.69,29.21,0,0.007,0,0,0,0.005,0.002,28.63,28.92,28.32,0.164,23.47,23.99,22.11,1.89,4.575,0.275,0.887,334,1014.713,0
"2023-04-01 22:00:00",391,10.65,27.91,0,0.057,0,0,0,0.008,0.003,27.8,28.34,27.42,0.22,27.75,27.77,23.39,1,2.2,0,0.735,0,1015.815,0
"2023-04-01 23:00:00",392,10.61,27.4,0,0.052,0,0,0,0.009,0.004,27.14,27.6,26.67,0.295,33.71,33.97,27.59,1.501,2.95,0,0.961,89,1017.019,0
"2023-04-02 00:00:00",393,10.6,26.41,0,0.017,0,0,0,0.008,0.004,26.34,27.05,25.74,0.362,39.67,40.67,32.39,0.792,2.475,0,0.635,0,1017.585,0
"2023-04-02 01:00:00",394,10.57,25.19,0,0.002,0,0,-0.013,-4,-1.715,24.77,25.99,23.31,0.57,42.77,42.77,37.52,1.646,2.45,0,0.483,0.891,1017.751,0
"2023-04-02 02:00:00",395,10.54,23.78,0,0.004,0,0,-0.1,-4,-1.715,23.02,23.64,22.48,0.308,46.09,46.15,42.67,1.902,2.85,0,0.561,307.2,1017.537,0
"2023-04-02 03:00:00",396,10.5,23.26,0,0.043,0,0,-0.1,-4,-1.715,22.72,23.26,22.04,0.343,47.03,48.09,44.88,1.897,2.5,1.175,0.292,320.6,1017.297,0
"2023-04-02 04:00:00",397,10.47,22.48,0,0.296,0,0,-0.1,-4,-1.715,21.97,22.71,21.01,0.625,52.7,53.24,46.81,2.226,3.125,1.4,0.383,333,1017.422,0
"2023-04-02 05:00:00",398,10.46,21.7,0,2.183,0,0,-0.1,-4,-1.715,20.99,21.32,20.57,0.217,55.58,55.58,52.86,2.288,2.825,1.75,0.242,348.3,1017.612,0
"2023-04-02 06:00:00",399,10.41,20.99,0,0.011,0,0,-0.1,-4,-1.715,20.33,20.68,19.82,0.202,57.38,58,55.2,1.964,2.875,0.25,0.502,321.7,1018.139,0
"2023-04-02 07:00:00",400,10.42,20.43,12.52,21.89,0,10.99,-0.1,-4,-1.715,19.74,20.21,19.37,0.217,55.97,57.77,55.04,1.978,2.95,0.325,0.556,333.9,1018.716,0
"2023-04-02 08:00:00",401,11.13,22.27,162.5,333.7,25.2,155.2,-0.01,0.653,0.28,21.42,24.35,19.85,1.2,43.39,55.99,43.39,1.622,2.5,0,0.753,351.5,1019.248,0
"2023-04-02 09:00:00",402,13.58,26.23,413.2,599.5,98.5,400.8,0.034,2.237,0.959,26.12,27.71,24.38,0.739,35.18,43.15,33.11,1.1,2.35,0,0.612,151.7,1019.564,0
"2023-04-02 10:00:00",403,13.52,29.22,649.8,722.4,129.8,648,0.083,4.528,1.942,27.2,28.74,26.16,0.611,31.5,36.36,31.35,1.711,3.225,0,0.747,115.3,1019.621,0
"2023-04-02 11:00:00",404,13.44,31.09,854,796.6,160.1,855,0.145,6.986,2.996,27.68,28.43,26.76,0.407,32.94,38.71,31.42,2.252,4.3,0,1.03,151.6,1019.203,0
"2023-04-02 12:00:00",405,13.36,33.65,978,822,174.8,977,0.191,8.22,3.526,29.63,30.58,28.38,0.497,30.16,32.91,28.62,1.638,4.625,0,0.984,220.5,1018.427,0
"2023-04-02 13:00:00",406,13.28,35.15,1037,845,152.4,1034,0.211,8.59,3.684,30.52,31.15,29.87,0.291,27.25,30.23,26.81,1.967,4.1,0.225,0.722,43.43,1017.02,0
"2023-04-02 14:00:00",407,13.25,37,1011,843,135.9,1005,0.204,7.501,3.216,32.07,33.5,30.52,0.786,24.19,27.97,24.05,2.004,4.75,0.225,0.931,129.1,1015.506,0
"2023-04-02 15:00:00",408,13.16,39.01,906,823,126.2,899,0.162,5.285,2.266,33.77,34.85,32.37,0.583,19.75,24.54,18.24,1.919,5.35,0,1.218,150.5,1014.076,0
"2023-04-02 16:00:00",409,13.13,40.4,726.2,767.7,120.4,725.3,0.101,2.806,1.203,35.29,36.23,34.18,0.525,17.45,20.16,13.91,2.162,4.55,0,1.079,111.2,1012.953,0
"2023-04-02 17:00:00",410,13.13,39.81,486.2,628.5,113.7,480.9,0.045,0.997,0.428,35.66,36.57,35.01,0.371,14.78,18.21,14.64,2.265,4.875,0.225,0.958,104.1,1012.149,0
"2023-04-02 18:00:00",411,12.89,38.87,232.3,413.8,83.7,222.6,0.013,0.179,0.077,35.99,36.63,35.58,0.229,17.01,17.01,14.43,1.24,4.175,0,0.9,82.7,1011.932,0
"2023-04-02 19:00:00",412,11.08,35.28,37.38,80.9,17.72,32.66,0.002,0.011,0.005,34.06,35.54,32.5,0.806,21.08,21.27,16.34,0.391,1.675,0,0.517,338.9,1012.134,0
"2023-04-02 20:00:00",413,10.73,31.61,0,0,0,0,0,0.009,0.004,30.81,32.47,29.16,1.111,23.59,24.04,19.82,1.943,3,0.95,0.492,282,1012.583,0
"2023-04-02 21:00:00",414,10.69,29.72,0,0.018,0,0,0,0.008,0.003,29.04,29.63,28.68,0.23,23,24.14,20.84,1.704,3.825,0.5,0.58,304.6,1013.205,0
"2023-04-02 22:00:00",415,10.64,28.43,0,0.026,0,0,0,0.008,0.003,27.86,28.7,27.22,0.377,25.37,26.04,22.92,1.537,3,0,0.698,234.6,1014.06,0
"2023-04-02 23:00:00",416,10.61,27.64,0,0.064,0,0,0,0.009,0.004,27.52,28.16,26.77,0.324,25.84,26.68,23.82,0.997,4.775,0,1.107,150.2,1014.892,0
"2023-04-03 00:00:00",417,10.62,27.65,0,0.141,0,0,-0.009,0.009,0.004,27.61,28.32,26.84,0.442,31.85,33.42,25.75,1.189,4.05,0,0.805,145,1015.184,0
"2023-04-03 01:00:00",418,10.58,26.09,0,0,0,0,-0.022,0.008,0.004,26.08,27.13,24.99,0.673,39.14,39.42,31.15,0.285,1.75,0,0.4,350.4,1015.6,0
"2023-04-03 02:00:00",419,10.53,24.69,0,0.007,0,0,-0.091,-4,-1.715,24.21,24.99,23.63,0.323,42.49,45.46,38.55,1.076,2.15,0,0.633,329.6,1015.505,0
"2023-04-03 03:00:00",420,10.5,23.7,0,0.001,0,0,-0.1,-4,-1.715,23.02,23.99,22.51,0.328,43.38,45.66,42.11,1.711,2.85,0,0.526,335.8,1015.191,0
"2023-04-03 04:00:00",421,10.47,22.92,0,0.013,0,0,-0.1,-4,-1.715,22.24,22.76,21.68,0.268,48.04,48.05,43.22,1.876,2.975,1,0.449,337.7,1015.016,0
"2023-04-03 05:00:00",422,10.46,22.16,0,0.002,0,0,-0.1,-4,-1.715,21.53,22.13,20.95,0.308,49.08,50.45,47.2,1.796,2.5,1,0.337,341.9,1015.14,0
"2023-04-03 06:00:00",423,10.39,21.55,0,0.019,0,0,-0.1,-4,-1.715,20.93,21.27,20.7,0.143,49.69,49.84,47.82,1.966,2.35,1.675,0.177,340.2,1015.505,0
"2023-04-03 07:00:00",424,10.41,21.39,11.22,16.78,0,9.96,-0.1,-4,-1.715,20.91,21.36,20.35,0.384,51.3,51.3,48.62,1.881,2.425,1.075,0.288,340.5,1016.044,0
"2023-04-03 08:00:00",425,11.09,22.76,158.8,297.1,16.64,148.7,-0.016,0.628,0.269,22.17,26.25,20.39,1.635,38.42,51.59,38.42,0.809,2.15,0,0.81,319.5,1016.532,0
"2023-04-03 09:00:00",426,13.6,26.66,399.3,532.6,117.1,385.7,0.031,2.054,0.881,26.47,27.75,25.78,0.502,36.24,41.47,36.12,0.89,2.625,0,0.706,95.4,1017.066,0
"2023-04-03 10:00:00",427,13.47,29.6,637.6,676.7,177.2,630,0.078,4.279,1.835,27.35,28.09,26.7,0.324,37.47,38.92,35.86,1.318,3.175,0,0.816,149.1,1017.262,0
"2023-04-03 11:00:00",428,13.4,32.16,838,753.7,258.3,833,0.136,6.601,2.831,28.55,29.45,27.25,0.457,36.01,37.77,34.23,1.268,3.35,0,0.962,61.74,1016.887,0
"2023-04-03 12:00:00",429,13.36,33.92,970,801,276.4,965,0.182,7.963,3.415,29.34,30.42,27.73,0.709,31.71,37.89,31.71,1.887,4.475,0,1.034,141.6,1016.152,0
"2023-04-03 13:00:00",430,13.28,36.07,1037,840,200.8,1025,0.206,8.23,3.53,31.27,32.42,30.24,0.606,30.19,31.82,28.41,1.732,4.225,0,0.874,262.6,1015.11,0
"2023-04-03 14:00:00",431,13.22,37.24,1012,847,150.4,1001,0.2,7.479,3.207,32.08,33.06,30.53,0.675,26.04,30.28,25.62,2.155,4.95,0,1.031,41.36,1013.771,0
"2023-04-03 15:00:00",432,13.16,38.83,910,838,119.4,899,0.159,5.355,2.296,33.77,35.16,32.66,0.514,22.58,26.42,22.3,2.315,4.6,0.325,0.986,53.41,1012.468,0
"2023-04-03 16:00:00",433,13.13,40.52,735.5,803,105,726.9,0.103,2.923,1.254,35.38,36.24,34.13,0.481,19.34,22.65,17.23,2.031,4.65,0,0.999,210.1,1011.5,0
"2023-04-03 17:00:00",434,13.11,40.43,505.7,711.6,94.4,497.8,0.049,1.128,0.484,35.94,37.1,35.07,0.434,16.47,19.63,16.29,2.069,4.775,0,1.178,252.9,1010.918,0
"2023-04-03 18:00:00",435,12.85,39.39,256,535.4,73,244,0.014,0.206,0.089,36.18,36.95,35.42,0.392,17.05,18.15,15.43,1.436,4.175,0,0.847,152.4,1010.606,0
"2023-04-03 19:00:00",436,11.08,35.22,40.55,133.1,14.24,35.26,0.002,0.011,0.005,33.89,35.5,32.1,1.041,20.85,20.85,16.73,0.68,2.275,0,0.642,115.1,1010.658,0
"2023-04-03 20:00:00",437,10.72,32.02,0,0.163,0,0,0,0.009,0.004,31.57,32.05,30.93,0.256,20.46,24.06,19.95,0.989,4.025,0,1.108,211.8,1011.114,0
"2023-04-03 21:00:00",438,10.69,29.98,0,0.014,0,0,0,0.009,0.004,29.66,31.6,27.98,1.287,25.62,26.81,19.89,1.721,3.75,0,0.571,327.5,1011.931,0
"2023-04-03 22:00:00",439,10.65,27.74,0,0.005,0,0,0,0.008,0.003,27.34,28.05,26.64,0.377,29.22,29.5,25.46,1.13,2.075,0,0.565,272.9,1012.951,0
"2023-04-03 23:00:00",440,10.61,26.5,0,0.076,0,0,0,0.007,0.003,26.38,27.06,25.83,0.255,34.02,36.18,27.9,1.212,2.775,0,0.992,223.3,1013.974,0
"2023-04-04 00:00:00",441,10.59,25.47,0,0.026,0,0,0,0.008,0.004,25.45,26.55,24.2,0.704,38.01,38.68,32.99,0.6,1.9,0,0.576,331.3,1014.766,0
"2023-04-04 01:00:00",442,10.54,24.54,0,0.031,0,0,-0.004,0.008,0.003,24.12,24.88,23.03,0.542,38.72,44.06,37.39,1.406,2.85,0,0.665,339.5,1014.982,0
"2023-04-04 02:00:00",443,10.52,23.48,0,0.014,0,0,-0.053,-4,-1.715,22.66,23.21,22.01,0.362,41.32,41.87,36.56,2.23,2.825,1.725,0.218,340.9,1014.703,0
"2023-04-04 03:00:00",444,10.5,22.61,0,0.011,0,0,-0.1,-4,-1.715,21.83,22.23,21.33,0.222,41.93,41.94,40.23,2.316,2.75,1.5,0.222,0.933,1014.377,0
"2023-04-04 04:00:00",445,10.46,21.79,0,0.014,0,0,-0.1,-4,-1.715,21,21.33,20.54,0.216,45.49,45.49,42.01,2.249,2.95,1.275,0.336,336.2,1014.272,0
"2023-04-04 05:00:00",446,10.43,21.1,0,0.013,0,0,-0.1,-4,-1.715,20.48,20.65,20.25,0.093,46.33,46.73,45.23,1.68,2.375,0.975,0.304,344.8,1014.478,0
"2023-04-04 06:00:00",447,10.37,20.84,0,0.022,0,0,-0.1,-4,-1.715,20.18,20.44,19.98,0.128,47.63,48.13,45.68,2.141,2.575,1.65,0.248,335.8,1014.875,0
"2023-04-04 07:00:00",448,10.29,20.66,15.28,29.29,0,13.78,-0.1,-4,-1.715,19.96,20.42,19.67,0.176,46.42,49.15,46.18,2.142,2.75,1.45,0.355,326.6,1015.576,0
"2023-04-04 08:00:00",449,11.16,22.64,161,277.2,23.12,150.9,-0.012,0.7,0.3,22.02,24.02,20.43,1.025,45.39,46.99,43,1.276,2.55,0,0.55,29.93,1016.17,0
"2023-04-04 09:00:00",450,13.6,26.22,369.2,368.6,147.4,349.5,0.029,1.993,0.855,25.22,26.11,23.77,0.52,42.33,45.55,41.65,0.815,2.45,0,0.576,145.6,1016.584,0
"2023-04-04 10:00:00",451,13.54,27.98,482.4,362.2,250.9,463.1,0.066,4.529,1.942,25.84,27.65,24.67,0.776,38.88,45.16,38.4,1.237,3.15,0,0.847,307.4,1016.791,0
"2023-04-04 11:00:00",452,13.44,31.06,818,651,427.2,795.9,0.134,7.137,3.06,27.23,28.1,26.17,0.495,38.34,42.5,38.14,1.559,3.6,0,0.777,77.22,1016.417,0
"2023-04-04 12:00:00",453,13.36,33.2,882,552.2,474.7,863,0.17,6.235,2.674,28.57,29.42,27.95,0.382,36.13,38.65,35.46,1.484,4.25,0,0.949,210.4,1015.77,0
"2023-04-04 13:00:00",454,13.28,35.11,933,556.2,389,909,0.186,6.415,2.751,30.35,32.11,29.3,0.53,29.33,35.77,29.08,1.404,3,0,0.698,317.4,1014.738,0
"2023-04-04 14:00:00",455,13.24,36.26,865,538,296.2,841,0.172,7.358,3.155,31.33,32.52,30.34,0.574,27.74,32.56,27.11,1.744,3.4,0,0.753,173,1013.485,0
"2023-04-04 15:00:00",456,13.16,38.35,863,625.2,246,837,0.149,5.175,2.219,32.94,34.15,31.64,0.652,24.4,27.81,24.03,1.747,4.225,0,0.859,67.17,1012.333,0
"2023-04-04 16:00:00",457,13.12,39.87,698.2,689,144.4,682.8,0.098,2.726,1.169,34.04,35.3,33.02,0.592,22.75,25.75,22.03,1.569,3.975,0,0.874,119.8,1011.249,0
"2023-04-04 17:00:00",458,13.13,39.81,500,675.7,108.4,491.2,0.048,1.091,0.468,35.04,35.79,34.35,0.412,21.77,22.86,21.11,1.624,3.7,0,0.875,59,1010.678,0
"2023-04-04 18:00:00",459,12.81,37.96,238.6,496.9,67.71,227.4,0.014,0.207,0.089,34.3,35.25,33.62,0.391,21.52,22.77,20.03,1.323,3.675,0,0.799,77.52,1010.509,0
"2023-04-04 19:00:00",460,11.04,33.8,24.29,67.34,9.82,20.95,0.002,0.01,0.004,32.63,33.83,31.14,0.91,21.56,22.31,17.78,0.457,2.05,0,0.514,237.2,1010.749,0
"2023-04-04 20:00:00",461,10.69,31.48,0,0.081,0,0,0,0.009,0.004,30.95,31.82,29.87,0.631,28.36,28.36,20.76,2.598,5.55,0.275,1.096,307.1,1011.322,0
"2023-04-04 21:00:00",462,10.65,29.13,0,0.021,0,0,0,0.008,0.003,28.42,29.81,26.96,1.222,28.34,29.93,27.53,2.607,5.025,0,1.133,335.7,1012.111,0
"2023-04-04 22:00:00",463,10.65,26.99,0,0.004,0,0,0,0.008,0.004,26.24,27.14,25.54,0.51,30.18,30.64,27.55,1.645,2.5,0.475,0.405,332.2,1012.895,0
"2023-04-04 23:00:00",464,10.61,25.47,0,0,0,0,0,0.007,0.003,24.98,25.87,24.47,0.49,33.28,34.1,30.26,0.874,2.15,0,0.712,0.156,1013.624,0
"2023-04-05 00:00:00",465,10.57,24.51,0,0.034,0,0,0,0.009,0.004,24.29,24.92,23.89,0.241,36.79,37.06,32.86,0.813,1.75,0,0.571,311.3,1014.239,0
"2023-04-05 01:00:00",466,10.53,24.04,0,0.059,0,0,-0.001,0.007,0.003,23.75,24.6,23.12,0.438,39.18,40.5,36.22,1.396,2.325,0,0.733,335.6,1014.547,0
"2023-04-05 02:00:00",467,10.49,23.4,0,0.006,0,0,-0.049,-4,-1.715,22.72,23.28,22.01,0.4,42.93,43.31,38.78,2.116,2.825,1.725,0.235,348.4,1014.401,0
"2023-04-05 03:00:00",468,10.46,22.5,0,0.013,0,0,-0.1,-4,-1.715,21.79,22.15,21.01,0.299,39.82,43.25,38.31,2.275,2.875,1.575,0.234,333.9,1014.227,0
"2023-04-05 04:00:00",469,10.45,21.78,0,0.005,0,0,-0.1,-4,-1.715,21.06,21.51,20.44,0.308,43.78,43.78,40.01,2.335,2.875,1.25,0.364,351.5,1014.125,0
"2023-04-05 05:00:00",470,10.4,21.07,0,0.022,0,0,-0.1,-4,-1.715,20.39,20.7,19.96,0.171,47.45,47.45,43.71,1.992,2.675,0.8,0.306,348.4,1014.25,0
"2023-04-05 06:00:00",471,10.32,20.51,0,0.035,0,0,-0.1,-4,-1.715,19.9,20.28,19.53,0.225,49.45,49.84,47.64,1.969,2.9,0.975,0.411,336.6,1014.9,0
"2023-04-05 07:00:00",472,10.37,20.76,14.57,35.82,0,12.39,-0.1,-4,-1.715,20.16,20.46,19.89,0.148,50.67,51.36,49.34,2.149,2.65,1.575,0.269,325.6,1015.517,0
"2023-04-05 08:00:00",473,11.13,22.63,174.1,373.1,31.05,161,-0.013,0.683,0.293,21.96,24.81,20.45,1.138,44.49,50.85,43.83,1.259,2.025,0,0.446,64.69,1016.069,0
"2023-04-05 09:00:00",474,13.58,26.2,422.2,611.9,181.2,405.3,0.034,2.217,0.95,25.72,26.97,24.23,0.72,44.44,47.88,43.54,1.108,2.325,0,0.568,169.6,1016.509,0
"2023-04-05 10:00:00",475,13.48,29.2,658.2,719.3,382.9,645.6,0.083,4.398,1.886,26.91,28.15,25.94,0.608,43.16,46.7,40.4,1.444,3.45,0,0.762,23.33,1016.533,0
"2023-04-05 11:00:00",476,13.4,31.84,851,765.5,579,840,0.139,6.345,2.721,28.01,28.84,27.12,0.416,40.25,42.99,38.77,1.345,2.95,0,0.793,15,1016.125,0
"2023-04-05 12:00:00",477,13.35,33.68,978,796.1,643.3,971,0.184,7.942,3.406,29.26,30.03,28.08,0.469,35.08,40.64,34.46,1.669,4.45,0,0.934,134.6,1015.587,0
"2023-04-05 13:00:00",478,13.28,35.24,1035,832,443.5,1023,0.206,8.4,3.603,30.51,31.45,29.15,0.653,29.95,35.5,29.95,1.64,3.775,0,0.901,35.94,1014.624,0
"2023-04-05 14:00:00",479,13.2,37.19,1019,855,314.1,1003,0.203,7.589,3.254,31.72,33.27,30.13,0.907,28.07,31.98,26.35,1.534,3.7,0,0.862,18.78,1013.3,0
"2023-04-05 15:00:00",480,13.16,39.04,922,853,186.1,905,0.164,5.356,2.297,33.51,34.71,31.71,0.795,22.74,28.48,22.19,1.915,4.75,0,0.967,110.1,1012.061,0
"2023-04-05 16:00:00",481,13.13,40.48,746.3,829,103.4,735,0.106,3.035,1.301,35.38,36.39,33.95,0.628,15.8,22.9,12.37,1.715,4.075,0,0.914,158.4,1011.111,0
"2023-04-05 17:00:00",482,13.12,39.82,504.6,736.2,81.9,497.6,0.05,1.145,0.491,35.51,36.59,34.74,0.424,17.8,18.93,15.64,1.924,3.7,0,0.815,120.7,1010.418,0
"2023-04-05 18:00:00",483,12.81,38.35,248.3,563.6,58.93,237,0.015,0.215,0.092,35.2,36.36,34.36,0.549,19.85,20.53,17.43,1.879,3.95,0,0.756,98.8,1010.122,0
"2023-04-05 19:00:00",484,11.05,34.72,39.39,143.6,12.15,34.3,0.002,0.013,0.005,33.22,34.57,31.8,0.881,27.49,27.49,19.94,1.249,2.625,0,0.722,93.8,1010.393,0
"2023-04-05 20:00:00",485,10.69,32.07,0,0.072,0,0,0,0.01,0.004,31.58,31.82,31.1,0.187,24.54,27.75,24.16,1.16,3.65,0,0.971,278.5,1011.127,0
"2023-04-05 21:00:00",486,10.7,30,0,0.004,0,0,0,0.008,0.003,29.69,31.14,28.54,0.802,28.21,29.02,24.37,1.074,2.9,0,0.653,344.3,1012.022,0
"2023-04-05 22:00:00",487,10.65,28.21,0,0.015,0,0,0,0.009,0.004,27.86,28.95,27.18,0.506,36.58,36.79,28.18,0.945,2.7,0,0.807,153.1,1013.078,0
"2023-04-05 23:00:00",488,10.62,27.32,0,0.066,0,0,0,0.008,0.003,26.84,27.49,25.82,0.502,46.15,47.22,36.12,1.509,3.95,0,0.789,106.2,1014.074,0
"2023-04-06 00:00:00",489,10.57,25.84,0,0.004,0,0,0,0.01,0.004,25.09,25.81,24.57,0.299,51.56,51.59,47.19,1.226,2.375,0,0.549,96.5,1014.923,0
"2023-04-06 01:00:00",490,10.54,25.36,0,0.042,0,0,-0.001,0.008,0.004,24.61,24.86,24.39,0.127,51.47,51.76,50.33,2.18,3.125,0.375,0.499,181.9,1015.35,0
"2023-04-06 02:00:00",491,10.53,24.41,0,0.006,0,0,-0.063,-4,-1.715,23.67,24.4,22.97,0.421,54.44,55,51.59,1.151,3.225,0,0.941,301.6,1015.556,0
"2023-04-06 03:00:00",492,10.44,23.42,0,0.003,0,0,-0.1,-4,-1.715,22.45,23.3,21.72,0.483,54.17,55.99,53.24,1.636,2.35,0.425,0.404,0,1015.672,0
"2023-04-06 04:00:00",493,10.46,22.46,0,0.002,0,0,-0.1,-4,-1.715,21.6,22.07,21.05,0.263,55.17,55.17,52.59,1.309,2.175,0,0.439,0,1015.785,0
"2023-04-06 05:00:00",494,10.43,21.67,0,0.004,0,0,-0.1,-4,-1.715,20.68,21.04,20.25,0.213,58.29,58.42,55.23,1.848,3.025,0.25,0.455,0,1015.972,0
"2023-04-06 06:00:00",495,10.35,21.22,0,0.023,0,0,-0.1,-4,-1.715,20.57,20.87,20.31,0.145,58.19,58.71,56.89,1.385,1.9,0.35,0.315,327.2,1016.234,0
"2023-04-06 07:00:00",496,10.25,20.96,13.37,13.64,0,11.66,-0.1,-4,-1.715,20.1,20.92,19.78,0.306,59.23,60.28,57.81,1.944,2.475,1.375,0.23,333.2,1016.839,0
"2023-04-06 08:00:00",497,11.08,22.87,148.6,183.8,46.87,140.2,-0.051,0.662,0.284,21.98,24.31,20.11,1.489,51.31,59.25,50.33,0.927,1.975,0,0.63,136.5,1017.755,0
"2023-04-06 09:00:00",498,13.6,26.2,400.7,488.4,250.8,384.2,0.033,2.192,0.94,25.12,25.69,24.07,0.388,48.37,52.01,46.83,1.603,2.975,0,0.702,152.9,1018.342,0
"2023-04-06 10:00:00",499,13.5,28.94,633.3,606.4,488.1,621.3,0.08,4.249,1.822,26.33,28.15,25.2,0.677,44.23,48.84,40.21,1.43,3.2,0,0.828,172.1,1018.434,0
"2023-04-06 11:00:00",500,13.42,31.17,825,682.7,691.3,817,0.135,6.52,2.796,27.04,27.97,25.62,0.596,42.25,46.41,40.34,1.654,3.45,0,0.806,113.8,1017.969,0
"2023-04-06 12:00:00",501,13.36,32.44,956,732.3,782.8,952,0.183,7.846,3.364,28.01,28.67,27.14,0.392,39.42,42.76,38.88,2.031,4.55,0,0.953,210.3,1017.358,0
"2023-04-06 13:00:00",502,13.32,34.43,1013,761.7,614.9,1002,0.204,8.37,3.589,29.56,30.73,28.72,0.424,35.84,39.57,34.39,2.239,5.775,0,1.23,351.4,1016.411,0
"2023-04-06 14:00:00",503,13.28,36.05,990,777.7,476.4,975,0.202,7.528,3.228,30.47,31.52,29.27,0.58,32.38,36.73,32.22,1.97,4.625,0,1.081,71.13,1015.102,0
"2023-04-06 15:00:00",504,13.21,37.82,893,776.5,331.6,877,0.163,5.445,2.335,32.12,33.45,30.88,0.685,28.95,32.81,28.29,2.189,4.825,0.25,1.087,170.8,1013.87,0
"2023-04-06 16:00:00",505,13.17,38.64,719,742.4,161.4,709.3,0.105,2.943,1.262,32.96,34.43,31.76,0.58,24.56,29.43,24.56,1.823,4.575,0,1.021,285.4,1012.91,0
"2023-04-06 17:00:00",506,13.17,38.39,470.2,635.8,102.5,461.8,0.049,1.143,0.49,33.91,34.86,33.29,0.345,25.4,25.86,24.03,2.466,5.3,0,1.279,153.3,1012.002,0
"2023-04-06 18:00:00",507,12.87,36.65,236.2,491.9,69.04,225.7,0.015,0.222,0.095,33.32,33.76,32.88,0.204,26.36,26.58,24.48,2.844,5.9,0,1.229,186.6,1011.766,0
"2023-04-06 19:00:00",508,11.13,33.5,39.33,126,18.85,34.77,0.002,0.01,0.004,31.85,32.93,31,0.634,29.04,29.19,26.16,2.67,4.05,1.025,0.525,169.9,1012.17,0
"2023-04-06 20:00:00",509,10.81,31.33,0,0.04,0,0,0,0.009,0.004,30.7,31.01,30.4,0.133,27.12,30.12,26.42,2.091,3.25,1.325,0.467,270,1012.856,0
"2023-04-06 21:00:00",510,10.69,28.92,0,0,0,0,0,0.008,0.003,28.26,30.37,26.71,1.332,34.11,34.19,27.08,2.567,3.95,1.05,0.739,338.8,1013.51,0
"2023-04-06 22:00:00",511,10.65,27.44,0,0.183,0,0,0,0.009,0.004,27.06,27.56,26.59,0.246,32.29,34.13,31.97,0.922,3.775,0,0.812,154.8,1014.429,0
"2023-04-06 23:00:00",512,10.62,27.78,0,0.041,0,0,0,-0.002,-0.001,27.21,27.57,26.94,0.173,34.27,34.53,32.28,2.954,5.025,0.95,0.838,187.9,1015.185,0
"2023-04-07 00:00:00",513,10.58,27.21,0,0.02,0,0,0,0.008,0.004,26.57,27.03,26.08,0.306,37.63,37.73,34.2,2.261,4.85,0,1.089,202.3,1015.882,0
"2023-04-07 01:00:00",514,10.57,26.15,0,0.001,0,0,0,0.008,0.004,25.59,26.12,24.72,0.416,44.58,44.58,37.02,1.339,2.6,0,0.764,116.3,1016.49,0
"2023-04-07 02:00:00",515,10.53,25.42,0,0.007,0,0,-0.015,-4,-1.715,24.38,24.74,24.06,0.185,49.81,50,44.34,0.754,1.8,0,0.483,162.6,1016.552,0
"2023-04-07 03:00:00",516,10.5,24.64,0,0.001,0,0,-0.1,-4,-1.715,23.76,24.06,23.32,0.197,52.6,52.62,49.86,0.202,1.5,0,0.358,78.38,1016.459,0
"2023-04-07 04:00:00",517,10.46,23.46,0,0,0,0,-0.1,-4,-1.715,22.87,23.33,22.49,0.205,49.82,54.17,49.71,0.356,1.425,0,0.468,0.142,1016.455,0
"2023-04-07 05:00:00",518,10.44,22.81,0,0.019,0,0,-0.1,-4,-1.715,22.06,22.57,21.52,0.256,48.62,51.3,47.36,1.442,2.275,0,0.449,306.5,1016.586,0
"2023-04-07 06:00:00",519,10.42,22.74,0,0.028,0,0,-0.1,-4,-1.715,22.04,22.31,21.63,0.17,49.38,49.69,46.21,1.241,1.75,0,0.371,329.8,1016.959,0
"2023-04-07 07:00:00",520,10.33,22.19,16.02,19.22,0,14.1,-0.1,-4,-1.715,21.42,21.66,21.19,0.122,52.21,52.49,48.8,0.983,2.125,0,0.614,351.5,1017.657,0
"2023-04-07 08:00:00",521,10.89,24.08,166.7,263.8,0,152.9,-0.016,0.473,0.203,23.06,24.65,21.38,1.154,48.55,52.99,43.08,0.507,1.525,0,0.527,31.76,1018.343,0
"2023-04-07 09:00:00",522,13.51,27.6,454.2,502.4,335.1,433,0.038,2.487,1.067,26.13,27.8,23.56,1.036,37.88,49.14,37.88,0.999,2.8,0,0.638,120.8,1018.952,0
"2023-04-07 10:00:00",523,13.44,29.89,664.9,688.8,589.2,649,0.093,4.961,2.128,27.26,27.83,26.48,0.297,37.66,40.87,37.29,1.611,3.6,0,0.714,151.7,1019.106,0
"2023-04-07 11:00:00",524,13.4,32.1,852,692.9,777.4,838,0.155,7.435,3.188,28.07,28.61,27.33,0.259,35.33,38.63,34.8,2.04,4.775,0,0.983,27.36,1018.739,0
"2023-04-07 12:00:00",525,13.35,33.28,985,777.3,894,974,0.21,9.04,3.876,28.77,29.72,27.75,0.487,34.66,36.91,33.16,2.184,5.4,0,1.035,135,1018.091,0
"2023-04-07 13:00:00",526,13.27,34.74,1039,824,748.3,1026,0.233,9.41,4.034,29.96,30.83,28.82,0.476,31.4,34.44,30.95,2.529,6.55,0,1.126,110.8,1017.085,0
"2023-04-07 14:00:00",527,13.27,35.93,1012,833,652,997,0.225,8.16,3.498,30.45,31.41,29.37,0.543,29.51,32.15,28.76,2.074,4.95,0,1.032,304.9,1015.885,0
"2023-04-07 15:00:00",528,13.21,37.4,907,818,499,892,0.179,5.902,2.531,31.84,32.74,30.78,0.468,27.74,30.32,26.48,2.288,4.875,0,1.053,141.7,1014.502,0
"2023-04-07 16:00:00",529,13.17,38.26,730,782.3,229.3,721,0.116,3.279,1.406,32.9,33.67,31.78,0.45,24.1,27.85,23.21,2.83,5.775,0.425,1.233,163.1,1013.32,0
"2023-04-07 17:00:00",530,13.17,37.99,493.1,706.4,103.3,487,0.055,1.237,0.531,33.48,34.17,32.72,0.321,24.21,24.61,22.38,3.012,5.775,0.45,1.056,159.9,1012.538,0
"2023-04-07 18:00:00",531,12.88,36.44,242.5,532.2,67.16,232.1,0.016,0.237,0.102,33.09,33.78,32.49,0.304,24.37,25.38,23.74,2.806,5.525,0,1.19,162.6,1012.396,0
"2023-04-07 19:00:00",532,11.09,33.19,36.48,104.4,16.83,32.22,0.002,0.011,0.005,31.7,32.75,31.05,0.463,26.4,26.4,24.64,3.127,6.475,1.55,0.894,158.3,1012.876,0
"2023-04-07 20:00:00",533,10.7,30.83,0,0.001,0,0,0,0.01,0.004,30.29,31.01,29.26,0.517,27.24,27.45,24.58,1.701,3.9,0,0.976,149.2,1013.452,0
"2023-04-07 21:00:00",534,10.69,29.44,0,0.048,0,0,0,0.009,0.004,29.15,29.55,27.67,0.475,28.97,30.12,25.62,0.815,2.2,0,0.616,348.8,1014.045,0
"2023-04-07 22:00:00",535,10.66,28.25,0,0.095,0,0,0,0.01,0.004,27.8,28.21,27.44,0.204,29.67,30.42,28.11,1.081,3.5,0,0.896,232,1014.92,0
"2023-04-07 23:00:00",536,10.6,26.42,0,0.001,0,0,0,0.008,0.004,26.26,27.55,25.36,0.66,35.79,36.22,29.68,0.265,1.2,0,0.384,327.3,1015.576,0
"2023-04-08 00:00:00",537,10.56,25.52,0,0.042,0,0,0,0.008,0.004,25.49,25.82,25.1,0.197,37.06,37.46,34.95,0.628,2,0,0.633,297,1015.972,0
"2023-04-08 01:00:00",538,10.53,24.72,0,0.039,0,0,0,0.01,0.004,24.62,25.17,24.05,0.328,40.86,41.23,37.16,0.378,1.85,0,0.493,23.83,1016.147,0
"2023-04-08 02:00:00",539,10.54,23.92,0,0.035,0,0,-0.001,0.009,0.004,23.66,24.28,23.07,0.411,40.91,41.57,37.96,0.979,1.75,0,0.566,318.9,1016.234,0
"2023-04-08 03:00:00",540,10.49,23.45,0,0.014,0,0,-0.079,-4,-1.715,23.04,23.49,22.72,0.204,42.07,43.76,41.06,1.791,2.65,1.125,0.349,328.2,1016.247,0
"2023-04-08 04:00:00",541,10.46,22.66,0,0.034,0,0,-0.1,-4,-1.715,22.35,23.06,21.97,0.349,45.44,46.06,42.09,1.386,2.25,0,0.52,38.21,1016.019,0
"2023-04-08 05:00:00",542,10.46,22.19,0,0.017,0,0,-0.1,-4,-1.715,22.04,22.68,21.49,0.361,48.14,48.14,44.51,1.088,2.2,0,0.521,351.5,1016.248,0
"2023-04-08 06:00:00",543,10.41,21.75,0,0.01,0,0,-0.1,-4,-1.715,21.3,21.65,20.61,0.247,50.94,51.15,48.09,1.64,2.1,0.425,0.349,333.6,1016.821,0
"2023-04-08 07:00:00",544,10.29,21.33,16.59,42.31,0,14.05,-0.1,-4,-1.715,21.03,21.57,20.61,0.237,48.16,50.79,48.01,0.742,1.775,0,0.491,349.9,1017.553,0
"2023-04-08 08:00:00",545,11.09,23.73,178.4,364.7,41.58,162.7,-0.017,0.791,0.339,23.61,25.63,21.61,1.439,39.29,48.13,38.9,0.306,1.2,0,0.356,296.2,1018.321,0
"2023-04-08 09:00:00",546,13.54,26.98,422.6,577.8,372.5,400.5,0.039,2.505,1.074,26.43,27.52,25.51,0.374,35.89,39.74,35.48,0.98,2.425,0,0.555,67.32,1018.93,0
"2023-04-08 10:00:00",547,13.47,29.39,660.5,698.2,613,643.9,0.093,5.019,2.152,27.17,28.25,25.83,0.576,38.15,40.15,33.8,1.828,3.75,0,1.005,53.25,1019.063,0
"2023-04-08 11:00:00",548,13.38,31.59,861,777.2,817,848,0.157,7.4,3.173,27.75,28.79,26.82,0.398,37.47,37.84,33.8,1.876,4.8,0,0.964,77.4,1018.805,0
"2023-04-08 12:00:00",549,13.35,33.39,986,811,917,973,0.208,8.82,3.782,28.85,29.76,27.01,0.653,33.18,37.47,32.44,1.644,5.1,0,1.053,157.1,1018.133,0
"2023-04-08 13:00:00",550,13.28,34.43,1035,818,781.9,1015,0.228,9.06,3.883,29.82,31.02,28.81,0.587,32.48,33.75,30.15,2.099,5.125,0,1.061,330,1017.123,0
"2023-04-08 14:00:00",551,13.24,36.35,1003,816,763.1,982,0.217,8.03,3.444,31.19,32.15,29.56,0.543,28.52,32.48,28.02,1.982,4.55,0.225,0.898,188.9,1015.903,0
"2023-04-08 15:00:00",552,13.21,37.85,915,823,684.7,894,0.178,5.733,2.458,32.09,33.24,30.71,0.542,25.22,30.17,25.01,2.016,5.05,0,1.127,293.9,1014.672,0
"2023-04-08 16:00:00",553,13.15,38.79,697.5,682.3,368.3,682.5,0.103,2.878,1.234,33.36,34.01,32.86,0.285,23.21,25.6,22.66,2.274,4.725,0,1.165,189.8,1013.574,0
"2023-04-08 17:00:00",554,13,37.66,403.1,412.8,176,393,0.046,1.069,0.458,33.58,34.37,33.04,0.303,21.85,23.72,21.08,2.107,4.825,0,1.179,78.47,1012.951,0
"2023-04-08 18:00:00",555,12.5,36.96,229.9,391.4,94.4,215.1,0.014,0.215,0.092,33.7,34.47,33.07,0.368,22.7,22.85,21.47,1.215,2.8,0,0.711,118.9,1012.62,0
"2023-04-08 19:00:00",556,11.04,33.61,35.72,70.1,12.96,30.17,0.002,0.011,0.005,32.02,33.07,31.27,0.518,25.31,26.09,22.48,1.05,2.675,0,0.724,182.3,1012.895,0
"2023-04-08 20:00:00",557,10.69,31.73,0.011,0.047,0,0,0,0.009,0.004,30.9,31.32,30.37,0.24,26.78,27.2,25.26,2.472,5.375,0.4,1.207,190.5,1013.602,0
"2023-04-08 21:00:00",558,10.69,30.82,0,0.012,0,0,0,0.009,0.004,30,30.44,29.5,0.311,26.93,27.03,25.86,3.701,5.975,1.475,1.08,257.7,1014.399,0
"2023-04-08 22:00:00",559,10.65,29.47,0,0.006,0,0,0,0.01,0.004,28.84,29.48,27.7,0.467,30.66,31.03,26.9,1.28,2.35,0,0.479,100.2,1015.304,0
"2023-04-08 23:00:00",560,10.62,28.77,0,0.077,0,0,0,0.008,0.003,27.81,28.21,27.35,0.294,35.65,36.42,29.62,3.759,6.475,1.8,1.078,157.3,1016.352,0
"2023-04-09 00:00:00",561,10.59,28.09,0,0.023,0,0,-0.006,0.008,0.003,27.15,27.54,26.63,0.253,39.7,39.71,35.7,3.142,5.9,0.5,0.991,47.2,1017.093,0
"2023-04-09 01:00:00",562,10.55,26.3,0,0.005,0,0,-0.006,0.009,0.004,25.74,26.61,25.33,0.367,44.54,44.54,39.74,0.664,2.2,0,0.525,270.7,1017.312,0
"2023-04-09 02:00:00",563,10.53,25.53,0,0.047,0,0,-0.021,-4,-1.715,24.88,25.33,24.44,0.243,48.77,48.77,44.49,2.078,4.125,0,1.278,115.3,1017.562,0
"2023-04-09 03:00:00",564,10.5,24.55,0,0.001,0,0,-0.1,-4,-1.715,24.01,24.45,23.58,0.248,51.93,51.93,48.83,0.768,2.175,0,0.606,130.1,1017.624,0
"2023-04-09 04:00:00",565,10.45,24.37,0,0.07,0,0,-0.1,-4,-1.715,23.48,23.68,23.29,0.122,52.64,53.27,51.89,0.027,0.7,0,0.115,1.02,1017.673,0
"2023-04-09 05:00:00",566,10.45,23.91,0,0.011,0,0,-0.1,-4,-1.715,23.43,23.82,22.98,0.266,55.24,55.24,51.94,0.231,1.1,0,0.301,115.8,1017.825,0
"2023-04-09 06:00:00",567,10.38,23.16,0,0.036,0,0,-0.1,-4,-1.715,22.51,22.98,22.31,0.197,57.94,57.94,55.24,0.035,0.825,0,0.122,317.5,1018.177,0
"2023-04-09 07:00:00",568,10,23.67,75.79,0.167,69.85,44.94,-0.099,-3.66,-1.569,22.7,22.89,22.35,0.135,56.48,57.88,56.19,0.476,1.775,0,0.487,200.6,1018.743,0
"2023-04-09 08:00:00",569,11.09,24.61,133.5,130.8,44.62,114,-0.056,0.788,0.338,23.28,24.02,22.83,0.378,53.55,56.69,53.55,1.343,3.05,0,0.84,155,1019.373,0
"2023-04-09 09:00:00",570,13.55,27.03,420.3,527.6,380.2,399.5,0.04,2.558,1.097,25.32,26.57,24.06,0.678,47.19,53.54,46.54,1.844,3.2,0.275,0.618,140.8,1019.878,0
"2023-04-09 10:00:00",571,13.47,29.4,606.3,538.2,545.7,587.2,0.089,4.225,1.812,26.34,27.26,25.43,0.459,44.97,48.94,44.24,1.632,3.575,0,0.917,144.9,1019.883,0
"2023-04-09 11:00:00",572,13.39,31.34,792.6,575.6,725.2,771.7,0.151,6.538,2.804,27.2,28.61,26.17,0.721,41.82,47.26,40.77,2.011,3.9,0.225,0.988,156.5,1019.442,0
"2023-04-09 12:00:00",573,13.32,33.7,992,744.9,912,970,0.209,8.77,3.76,28.65,30.33,27.59,0.672,37.72,43.2,36.49,1.843,3.875,0,0.877,185.9,1018.709,0
"2023-04-09 13:00:00",574,13.29,35.54,1000,664.9,762.4,969,0.219,6.444,2.763,30.17,30.85,29.11,0.45,36.32,38.82,34.73,2.083,4.575,0.225,0.979,77.7,1017.698,0
"2023-04-09 14:00:00",575,13.21,36.77,1029,642.1,819,985,0.21,7.357,3.155,30.54,32.3,29.38,0.801,32.91,37.24,31.31,2.25,4.525,0,0.987,307.7,1016.504,0
"2023-04-09 15:00:00",576,13.16,38.44,819,419.9,687.4,784,0.146,3.165,1.357,32.05,32.78,31.35,0.358,31.22,33.25,30.69,2.157,4.775,0.325,0.944,150.6,1015.474,0
"2023-04-09 16:00:00",577,13.2,36.57,382.8,76.77,291.4,373.6,0.061,2.257,0.968,32.11,32.82,31.61,0.303,31.54,32.72,30.26,1.509,4.1,0,1.033,0.302,1014.619,0
"2023-04-09 17:00:00",578,13.01,37.06,390.8,252.4,255.4,376.9,0.041,0.711,0.305,32.53,33.34,31.9,0.365,30.71,32.22,29.23,1.322,3.375,0,0.66,88.6,1013.767,0
"2023-04-09 18:00:00",579,12.42,33.71,75.45,3.365,61,67.45,0.008,0.167,0.072,31.23,31.93,30.8,0.296,32.28,32.6,30.65,1.007,2.875,0,0.793,324.2,1013.495,0
"2023-04-09 19:00:00",580,11.06,32.08,35.04,2.377,21.93,30.27,0.002,0.009,0.004,30.76,31.18,30.26,0.28,33.27,33.31,31.73,1.263,2.425,0,0.656,336.6,1013.858,0
"2023-04-09 20:00:00",581,10.68,30.92,0,0.006,0,0,0,0.009,0.004,29.76,30.28,29.5,0.217,31.89,34.83,31.45,2.045,3.25,0.95,0.461,270,1014.497,0
"2023-04-09 21:00:00",582,10.66,28.86,0.05,0.021,0,0,0,0.008,0.003,27.44,29.74,25.97,1.239,43.16,43.16,31.15,4.466,9.1,1.225,1.732,157.7,1016.108,0
"2023-04-09 22:00:00",583,10.65,27.01,0,0.009,0,0,0,0.009,0.004,25.44,25.94,25.13,0.24,44.45,45.45,43.29,3.387,5.675,0.975,0.916,254.6,1017.676,0
"2023-04-09 23:00:00",584,10.61,26.72,0,0.006,0,0,0,0.009,0.004,25.21,25.4,24.95,0.101,45.04,45.04,43.97,3.61,5.525,1.2,0.801,168,1018.871,0
"2023-04-10 00:00:00",585,10.58,25.78,0,0,0,0,0,0.007,0.003,24.11,24.94,22.9,0.596,62.37,62.37,45.11,2.069,4.675,0,1.094,151.9,1019.369,0
"2023-04-10 01:00:00",586,10.54,24.78,0,0.057,0,0,0,0.008,0.004,23.34,23.68,22.88,0.252,54.64,62.32,53.54,1.999,3.775,0,1.03,199.8,1019.202,0
"2023-04-10 02:00:00",587,10.5,24.26,0,0,0,0,-0.006,-4,-1.715,22.94,23.44,22.5,0.329,62.27,62.27,54.41,1.643,3.25,0,0.747,89.7,1018.949,0
"2023-04-10 03:00:00",588,10.5,23.44,0,0.009,0,0,-0.1,-4,-1.715,22.31,22.51,22.1,0.107,60.33,64.01,60.33,0.319,1.375,0,0.417,21.76,1018.692,0
"2023-04-10 04:00:00",589,10.46,22.81,0,0.004,0,0,-0.1,-4,-1.715,21.87,22.55,21.29,0.347,63.23,63.57,59.84,1.338,2.25,0,0.511,333.6,1018.245,0
"2023-04-10 05:00:00",590,10.41,22.34,0,0.036,0,0,-0.1,-4,-1.715,21.33,21.45,21.21,0.074,66.11,68.01,63.03,1.08,2.2,0,0.587,162.7,1018.419,0
"2023-04-10 06:00:00",591,10.21,22.34,0,0.016,0,0,-0.1,-4,-1.715,21.16,21.51,20.68,0.228,66.53,68.01,66.2,1.181,2.15,0,0.504,304.8,1019.082,0
"2023-04-10 08:00:00",592,11.09,23.95,186.7,316.6,49.81,183.1,-0.008,0.779,0.334,22.48,22.96,21.5,0.389,58.8,63.75,58.45,1.3,2.475,0,0.66,104.9,1020.047,0
"2023-04-10 09:00:00",593,13.6,25.92,419.7,511.9,380.4,398.9,0.037,2.387,1.024,23.62,24.39,22.96,0.399,55.49,58.84,55.26,2.5,4.75,0,0.857,245.2,1020.328,0
"2023-04-10 10:00:00",594,13.52,28.69,679.5,620.5,624.2,654.6,0.091,4.723,2.025,25.52,26.57,23.91,0.662,49.7,55.94,47.9,2.275,4.325,0,0.983,144.3,1020.48,0
"2023-04-10 11:00:00",595,13.42,30.72,789.1,588.8,729.9,770.1,0.14,7.013,3.007,26.43,27.27,25.47,0.457,46.37,51.27,44.86,2.086,4.6,0.4,0.823,181,1020.347,0
"2023-04-10 12:00:00",596,13.36,32.81,976,695.9,886,955,0.191,8.35,3.579,27.95,28.79,26.57,0.623,39.87,46.29,39.87,1.717,4.15,0,0.975,173.9,1019.66,0
"2023-04-10 13:00:00",597,13.28,34.91,1010,623.2,772.7,971,0.202,8.13,3.487,29.08,29.85,28.18,0.443,38.61,40.69,36.7,1.634,3.725,0,0.812,49.66,1018.595,0
"2023-04-10 14:00:00",598,13.21,36.87,1033,590.8,831,988,0.184,6.895,2.957,30.49,32.42,29.01,0.788,34.7,40.1,32.85,2.206,4.2,0,0.908,69.91,1017.363,0
"2023-04-10 15:00:00",599,13.01,35.45,490.3,192.7,425.5,462,0.088,0.888,0.381,30.68,31.72,29.79,0.528,35.88,36.68,32.87,1.789,3.25,0.325,0.655,178,1016.164,0
"2023-04-10 16:00:00",600,13.32,32.9,204.8,35.57,167.7,190.3,0.027,2.513,1.078,29.87,30.37,29.35,0.322,34.85,38.98,34.41,1.855,4.925,0,1.06,186.9,1015.57,0
"2023-04-10 17:00:00",601,12.37,33.32,247.3,66.5,194.9,240.9,0.025,0.522,0.224,30.44,31.15,28.7,0.558,36.04,38.02,32.98,2.166,7.225,0,1.746,325.1,1015.545,0
"2023-04-10 18:00:00",602,11.01,29.12,80.6,1.291,49.75,82.9,0.006,0.091,0.039,27.75,29.22,25.68,1.179,31.69,44.27,30.41,4.541,10.88,1.15,1.9,325,1015.291,0
"2023-04-10 19:00:00",603,10.85,28.11,11.61,0.225,0,10.45,0.001,0.009,0.004,26.85,28.8,25.76,1.032,38.7,47.31,30.29,2.567,7.575,0,1.432,0.143,1015.217,0
"2023-04-10 20:00:00",604,10.67,27.7,0,0.145,0,0,0,0.011,0.005,26.48,27.35,26,0.442,36.17,42.03,35.6,2.132,7.775,0,2.029,344.9,1015.942,0
"2023-04-10 21:00:00",605,10.66,28.19,0,0.022,0,0,0,0.009,0.004,27.13,27.27,27.01,0.054,32.79,38.52,32.07,4.158,6.95,1.475,1.183,282.1,1016.857,0
"2023-04-10 22:00:00",606,10.62,27.85,0,0.015,0,0,0,0.003,0.001,26.78,27.1,26.56,0.128,32.27,35.21,31.76,2.551,4.3,1.075,0.743,318.2,1017.872,0
"2023-04-10 23:00:00",607,10.59,26.58,0,0,0,0,0,0.009,0.004,25.4,26.76,23.31,1.03,54.18,54.18,32.3,3.36,6.1,1.025,1.259,34.15,1018.832,0
"2023-04-11 00:00:00",608,10.53,23.59,0,0.041,0,0,0,0.009,0.004,22.24,23.28,21.81,0.333,61.26,64.47,53.96,1.459,3.6,0,0.893,351.5,1019.151,0
"2023-04-11 01:00:00",609,10.53,22.13,0,0.002,0,0,0,0.009,0.004,21.09,22.16,20.21,0.562,73.06,73.06,61.48,1.451,3,0.375,0.546,332.9,1019.136,0
"2023-04-11 02:00:00",610,10.48,20.97,0,0,0,0,-0.006,0.009,0.004,19.76,20.21,19.37,0.271,72.58,73.67,71.34,2.154,3.125,0.95,0.496,328.5,1018.933,0
"2023-04-11 03:00:00",611,10.45,20.34,0,0.009,0,0,-0.067,-4,-1.715,19.29,19.68,19.03,0.186,71.3,73.66,71.3,1.609,2.2,0.75,0.291,351.5,1018.723,0
"2023-04-11 04:00:00",612,10.39,19.92,0,0.02,0,0,-0.1,-4,-1.715,19.09,19.41,18.79,0.162,71.99,72.89,70,1.459,2.2,0.8,0.271,325.8,1018.677,0
"2023-04-11 09:00:00",613,11.08,24.14,0,0,0,0,-0.1,-4,-1.715,23.27,23.35,23.2,0.053,55.29,56.21,55.29,1.425,2.9,0,0.89,155.5,958.2007,0
"2023-04-11 10:00:00",614,13.36,27.48,0,0,0,0,-0.1,-4,-1.715,24.55,24.86,24.34,0.149,51.35,52.51,50.45,2.037,3.625,0,0.815,148.9,1002.948,0
"2023-04-11 11:00:00",615,13.43,29.99,0,0,0,0,-0.1,-4,-1.715,26.2,26.45,25.97,0.15,44.99,46.51,44.73,2.23,3.625,0,0.955,113.6,993.4106,0
"2023-04-11 12:00:00",616,13.4,32,0,0,0,0,-0.1,-4,-1.715,27.11,27.47,26.84,0.222,38.96,40.43,38.87,1.439,2.525,0,0.889,81.3,966.044,0
"2023-04-11 13:00:00",617,13.32,33.83,0,0,0,0,-0.1,-4,-1.715,28.7,29.1,28.28,0.202,37.04,37.92,36.06,2.682,3.65,0,0.797,105.4,1000.595,0
"2023-04-11 14:00:00",618,13.24,35.91,0,0,0,0,-0.1,-4,-1.715,30.87,31.31,30.24,0.373,33.28,33.3,31.81,2.659,4.35,0,1.352,163,990.4996,0
"2023-04-11 15:00:00",619,13.24,35.68,0,0,0,0,-0.1,-4,-1.715,30.41,30.5,30.35,0.046,32.23,32.45,31.95,0.934,1.725,0,0.575,257,969.1942,0
"2023-04-11 16:00:00",620,12.97,34.73,0,0,0,0,-0.1,-4,-1.715,29.41,29.41,29.41,0,34.63,34.63,34.63,0,0,0,0,337.1,644.9949,0
"2023-04-11 17:00:00",621,12.36,27,0,0,0,0,-0.1,-4,-1.715,26.27,26.43,26.1,0.12,50.79,58.78,50.5,1.603,3.6,0,1.321,304.6,990.3946,0
"2023-04-11 18:00:00",622,11.36,27.26,0,0,0,0,-0.1,-4,-1.715,26.12,26.17,26.09,0.028,37,38.46,37,2.731,3.825,0,1.148,314.3,968.4772,0
"2023-04-11 19:00:00",623,10.93,26.44,0,0,0,0,-0.1,-4,-1.715,23.64,23.64,23.64,0,58.62,58.62,58.62,0,0,0,0,0.349,645.7314,0
"2023-04-11 20:00:00",624,10.66,24.83,2088,2270,1851,1038,-0.084,-3.729,-1.599,23.27,23.33,23.22,0.032,57.95,58.05,57.51,0.247,1.075,0,0.343,58.66,993.316,0
"2023-04-11 21:00:00",625,10.61,24.41,2869,3149,2516,1396,-0.079,-3.375,-1.447,23.77,23.81,23.73,0.026,56.41,56.95,56,1.075,1.525,0,0.429,252.8,975.9025,0
"2023-04-11 22:00:00",626,10.57,23.65,3520,3884,3067,1690,-0.075,-2.858,-1.226,22.46,22.46,22.46,0.002,63.94,63.94,63.46,0.45,0.9,0,0.45,111.4,831.7059,0
"2023-04-11 23:00:00",627,10.55,23.12,2848,3123,2500,1388,-0.079,-3.333,-1.429,21.6,21.75,21.53,0.068,67.62,67.83,67.18,3.014,3.6,0,0.805,303.2,995.5955,0
"2023-04-12 00:00:00",628,10.53,22.56,3950,4359,3441,1895,-0.072,-2.879,-1.235,21.8,21.86,21.71,0.049,54.98,55.17,54.38,0.967,2.275,0,0.719,125.5,977.2975,0
"2023-04-12 01:00:00",629,10.5,21.62,5591,6202,4841,2650,-0.061,-2.276,-0.976,21.11,21.12,21.09,0.014,59.34,59.82,59.34,0.325,0.975,0,0.46,346.4,893.7742,0
"2023-04-12 02:00:00",630,10.46,20.79,5483,6073,4754,2607,-0.061,-2.708,-1.161,19.91,20.09,19.78,0.102,62.85,63.39,62.85,1.522,2.4,0,0.775,222.6,996.6936,0
"2023-04-12 03:00:00",631,10.42,20.45,6316,7008,5465,2989,-0.056,-2.348,-1.007,19.05,19.31,18.91,0.13,71.55,71.96,70.44,3.11,4.525,0,1.161,319.9,981.0939,0
"2023-04-12 08:00:00",632,11.28,19.29,3730,4086,3267,1809,-0.073,-3.337,-1.431,19.53,19.88,19.13,0.28,81.4,86,80.9,0.469,1.75,0,0.555,318.7,997.9395,0
"2023-04-12 09:00:00",633,13.72,22.35,0,0,0,0,-0.1,-4,-1.715,22.4,22.82,22.1,0.234,60.49,65.46,60.49,0.483,1.6,0,0.494,158.6,982.521,0
"2023-04-12 10:00:00",634,13.6,25.24,0,0,0,0,-0.1,-4,-1.715,23.41,23.47,23.37,0.042,59.91,60.36,59.26,1.075,1.75,0,0.768,91.2,894.8832,0
"2023-04-12 11:00:00",635,13.51,27.67,0,0,0,0,-0.1,-4,-1.715,24.68,25.17,24.26,0.292,53.09,54.17,51.33,1.013,2.6,0,0.67,26.84,997.2681,0
"2023-04-12 12:00:00",636,13.44,29.65,0,0,0,0,-0.1,-4,-1.715,25.21,25.65,24.96,0.218,47.04,47.94,46.93,1.413,2.35,0,0.667,155.5,980.7697,0
"2023-04-12 13:00:00",637,13.43,30.62,0,0,0,0,-0.1,-4,-1.715,26.62,26.74,26.51,0.095,42.94,42.94,42.12,1.492,3.075,0,1.257,171.6,893.0084,0
"2023-04-12 14:00:00",638,13.36,33.16,0,0,0,0,-0.1,-4,-1.715,28.84,28.93,28.74,0.052,37.2,37.59,36.28,1.999,3.8,0,1.094,165.3,994.5889,0
"2023-04-12 15:00:00",639,13.29,34.85,0,0,0,0,-0.1,-4,-1.715,29.25,29.8,28.44,0.501,35.74,38.06,35.34,1.898,3.125,0,0.871,100.2,980.2972,0
"2023-04-12 16:00:00",640,13.36,33.14,0,0,0,0,-0.1,-4,-1.715,29.21,29.33,29.08,0.093,36.83,38.09,36.83,0.65,1.075,0,0.445,43.36,921.0923,0
"2023-04-12 17:00:00",641,13.23,35.07,0,0,0,0,-0.1,-4,-1.715,31.23,31.5,30.86,0.217,32.98,33.07,32.52,1.074,1.65,0,0.518,119.3,992.0833,0
"2023-04-12 18:00:00",642,12.93,33.21,0,0,0,0,-0.1,-4,-1.715,29.34,29.44,29.21,0.087,35.99,36.02,35.26,0.708,1.825,0,0.729,289.2,981.6998,0
"2023-04-12 19:00:00",643,12.06,22,6822,7588,5887,3211,-0.052,-1.967,-0.843,20.43,20.48,20.38,0.04,62.44,64.53,62.44,2.745,4.05,0,1.437,216.7,939.2621,0
"2023-04-12 20:00:00",644,11.01,21.08,4440,4909,3857,2120,-0.068,-3.073,-1.318,20.93,21.33,20.2,0.337,72.06,72.57,63.8,3.032,6.075,0,1.82,288.1,994.1232,0
"2023-04-12 21:00:00",645,10.66,21.4,4859,5382,4215,2312,-0.065,-2.837,-1.217,20.83,20.92,20.65,0.089,66.88,67.37,65.78,0.077,0.55,0,0.176,23.6,983.8509,0
"2023-04-12 22:00:00",646,10.62,21.06,4374,4842,3798,2086,-0.069,-2.534,-1.087,19.97,20.03,19.95,0.027,75.83,78.95,75.83,1.88,2.575,0,0.952,341.4,941.4466,0
"2023-04-12 23:00:00",647,10.61,20.56,4359,4820,3788,2081,-0.069,-3.042,-1.305,19.35,19.56,19.22,0.096,75.8,79.07,75.29,1.905,2.4,0,0.477,331.5,997.2459,0
"2023-04-13 00:00:00",648,10.57,20.29,5009,5552,4341,2378,-0.065,-2.795,-1.198,18.93,19.39,18.61,0.229,76.44,76.44,73.61,1.794,2.25,0,0.54,322.6,987.2802,0
"2023-04-13 01:00:00",649,10.53,19.6,5898,6552,5099,2787,-0.059,-2.315,-0.993,18.86,18.95,18.73,0.079,73.39,73.39,71.07,1.871,2.4,0,0.843,338.8,953.7097,0
"2023-04-13 02:00:00",650,10.54,19.05,5467,6063,4734,2591,-0.061,-2.714,-1.164,18.66,18.97,18.42,0.155,69.03,73.52,69.03,2.244,2.7,0,0.557,327.6,997.0627,0
"2023-04-13 03:00:00",651,10.5,18.74,5895,6543,5099,2788,-0.059,-2.452,-1.052,17.59,17.64,17.54,0.038,75.34,76.1,74.7,1.708,2.025,0,0.5,332.5,986.9739,0
"2023-04-13 04:00:00",652,10.45,18.49,5611,6217,4864,2666,-0.06,-2.244,-0.962,17.93,18.04,17.84,0.065,70.81,72.97,70.81,1.988,2.5,0,0.892,329.5,953.8635,0
"2023-04-13 05:00:00",653,10.44,18.13,5970,6615,5173,2833,-0.058,-2.537,-1.088,17.22,17.29,17.15,0.036,76.65,76.65,75.57,2.167,2.45,0,0.494,1.119,998.335,0
"2023-04-13 06:00:00",654,10.3,18.04,6252,6934,5413,2962,-0.056,-2.432,-1.043,18.22,18.33,18.04,0.096,69.05,71.12,69,0.971,1.375,0,0.306,326.4,989.9424,0
"2023-04-13 08:00:00",655,11.2,20.59,2191,2379,1942,1090,-0.083,-3.799,-1.629,22.1,22.89,21.21,0.554,59.77,65.91,59.54,0.157,0.55,0,0.181,49.47,995.5179,0
"2023-04-13 09:00:00",656,13.64,25.89,0,0,0,0,-0.1,-4,-1.715,24.63,24.98,24.27,0.279,51.62,53.11,51.25,0.695,1.3,0,0.468,214.8,980.6261,0
"2023-04-13 10:00:00",657,13.53,28.01,0,0,0,0,-0.1,-4,-1.715,25.21,25.32,25.11,0.087,48.45,49.39,48.45,0.708,1.325,0,0.545,122.9,893.5989,0
"2023-04-13 11:00:00",658,13.44,30.23,0,0,0,0,-0.1,-4,-1.715,26.46,26.76,26.25,0.167,45.74,46.83,44.31,1.674,2.85,0,0.67,39.84,995.2818,0
