"TOA5","Esolmet_CR6_IP","CR6","9884","CR6.Std.12.01","CPU:20230123_Esolmet_CR6.CR6","37906","Table1_60min"
"TIMESTAMP","RECORD","BattV","PTemp_C","I_glob_Avg","I_dir_Avg","I_dif_Avg","I_glob_inc_Avg","Indice_UV_Avg","Indice_UV_1","Indice_UV_2","AirTC_Avg","AirTC_Max","AirTC_Min","AirTC_Std","RH","RH_Max","RH_Min","WS_ms_Avg","WS_ms_Max","WS_ms_Min","WS_ms_Std","WindDir","BP_mbar_Avg","Rain_mm_Tot"
"TS","RN","Volts","Deg C","W/m2","W/m2","W/m2","W/m2","I-UV","W/m2","MED/hr","Deg C","Deg C","Deg C","Deg C","%","%","%","meters/second","meters/second","meters/second","meters/second","degrees","mbar","mm"
"","","Smp","Smp","Avg","Avg","Avg","Avg","Avg","Smp","Smp","Avg","Max","Min","Std","Smp","Max","Min","Avg","Max","Min","Std","Smp","Avg","Tot"
"2023-01-23 14:00:00",0,13.59,26.57,-7999,-7999,-7999,-7999,-5.754,-0.156,-2.681,25.41,25.49,25.24,0.068,32.01,33.11,31.71,0,0,0,0,0.173,-1.761552,0
"2023-01-23 15:00:00",1,13.59,26.52,-7999,-7999,-7999,-7999,-6.077,-0.15,-2.577,25.39,25.52,25.2,0.098,31.25,32.46,30.42,0,0,0,0,0.179,11.48769,0
"2023-01-23 16:00:00",2,13.58,26.76,-7999,-7999,-7999,-7999,-6.147,-0.161,-2.762,25.31,25.42,25.19,0.07,28.79,31.21,28.67,0,0,0,0,0.177,11.32515,0
"2023-01-23 17:00:00",3,13.58,26.93,-7999,-7999,-7999,-7999,-6.338,-0.165,-2.829,25.45,25.59,25.39,0.044,29.64,29.72,28.57,0,0,0,0,0.177,12.13707,0
"2023-01-23 18:00:00",4,13.55,27.17,-7999,-7999,-7999,-7999,-6.556,-0.169,-2.89,25.81,25.98,25.59,0.115,29.89,29.89,28.5,0,0,0,0,0.176,13.32601,0
"2023-01-26 19:00:00",0,13.55,26.34,-7999,-7999,-7999,-5931,-0.1,-4.004,-1.717,25.22,25.26,25.17,0.022,29.08,29.08,27.91,0,0,0,0,0.188,-16.95189,0
"2023-02-07 11:00:00",1,12.9,25.3,-7999,-7999,-7999,-7999,-0.1,-4.01,-1.719,-307,-109.9,-441.9,99.9,-405.8,-68.1,-405.8,0,0,0,0,0.183,159.8586,0
"2023-02-07 12:00:00",2,12.92,26.81,-7999,-7999,-7999,-7999,-0.1,-4.011,-1.72,-497,-449.4,-505.7,12.57,-487.5,-413.7,-491.6,0,0,0,0,0.166,11.32156,0
"2023-02-07 13:00:00",3,12.93,27.3,-7999,-7999,-7999,-7999,-0.1,-4.011,-1.72,-501.1,-498.2,-504.4,2.036,-484.2,-484.2,-489.9,0,0,0,0,0.169,12.15874,0
"2023-02-07 14:00:00",4,12.93,27.68,-7999,-7999,-7999,-7999,-0.1,-4.011,-1.72,-498.8,-496,-502.1,2.061,-481.1,-481.1,-486.7,0,0,0,0,0.182,14.24486,0
"2023-02-07 15:00:00",5,12.9,27.75,-7999,-7999,-7999,-7999,-0.1,-4.011,-1.72,-497.7,-495.6,-499.9,1.931,-480.6,-480.6,-483.7,0,0,0,0,0.183,15.24181,0
"2023-02-07 16:00:00",6,12.91,27.84,-7999,-7999,-7999,-7999,-0.1,-4.01,-1.72,-497.4,-495.3,-499.5,1.93,-480.1,-480.1,-483.2,0,0,0,0,0.182,15.53768,0
"2023-02-07 17:00:00",7,12.9,27.88,-7999,-7999,-7999,-7999,-0.1,-4.01,-1.72,-497.1,-495.2,-499.1,1.926,-480,-480,-482.7,0,0,0,0,0.186,15.79096,0
"2023-02-07 18:00:00",8,12.89,28.27,-7999,-7999,-7999,-7999,-0.1,-4.01,-1.72,-496,-493.1,-499,2.048,-477.1,-477.1,-482.5,0,0,0,0,0.171,16.83949,0
"2023-02-23 09:00:00",0,13.6,27.1,0,0,0,0,0,-0.004,-0.002,-124,-109.3,-135.4,10.92,-91.8,-67.44,-91.8,0,0,0,0,0.155,445.1667,0
"2023-02-23 10:00:00",1,13.56,29.57,0,0,0,0,0,-0.004,-0.002,-429.3,-152.9,-491.1,89.4,-467.4,-108.8,-471.6,0,0,0,0,0.15,60.25595,0
"2023-02-23 11:00:00",2,13.44,32.31,0,0,0,0,0,-0.004,-0.002,-480.9,-466.1,-489.6,6.408,-441.5,-441.5,-470,0,0,0,0,0.156,31.17739,0
"2023-02-23 12:00:00",3,13.34,34.31,0,0,0,0,0,-0.004,-0.002,-463.4,-450.9,-471.3,5.472,-422.2,-422.2,-446.1,0,0,0,0,0.16,46.5268,0
"2023-02-23 14:00:00",4,13.32,34.45,0,0,0,0,0,-0.004,-0.002,-462.9,-452.3,-477,6.875,-424.3,-424.3,-448.5,0,0,0,0,0.162,47.06064,0
"2023-02-23 15:00:00",5,13.29,34.13,0,0,0,0,0,-0.004,-0.002,-450.7,-447.6,-455.6,2.097,-420.3,-418.2,-426.9,0,0,0,0,0.161,60.40429,0
"2023-02-23 16:00:00",6,13.29,35.37,0,0,0,0,0,-0.004,-0.002,-443.4,-435.4,-452.9,4.807,-403.4,-403.4,-423.4,0,0,0,0,0.163,68.3505,0
"2023-02-23 17:00:00",7,13.28,35.09,0,0,0,0,0,-0.004,-0.002,-437.4,-434.8,-440.7,1.967,-405.2,-402.7,-408.5,0,0,0,0,0.165,73.44508,0
"2023-02-23 18:00:00",8,13.11,33.41,0,0,0,0,0,-0.004,-0.002,-445.4,-437.1,-455.8,4.946,-423.8,-405.4,-426.8,0,0,0,0,0.159,64.76672,0
"2023-02-23 19:00:00",9,13.04,29.59,0,0,0,0,0,-0.004,-0.002,-466.6,-452.5,-484,8.55,-459.9,-424.2,-462.4,0,0,0,0,0.151,43.80822,0
"2023-02-23 20:00:00",10,12.97,25.99,0,0,0,0,0,-0.004,-0.002,-495,-481,-506.5,6.63,-490.4,-460.7,-492.7,0,0,0,0,0.145,17.23231,0
"2023-02-23 21:00:00",11,12.88,24.04,0,0,0,0,0,-0.004,-0.002,-510.2,-503,-516,3.285,-503.9,-490.8,-506.1,0,0,0,0,0.119,3.96728,0
"2023-02-23 22:00:00",12,12.85,22.81,0,0,0,0,0,-0.004,-0.002,-516.5,-512.2,-520.7,2.398,-510.7,-504,-512.9,0,0,0,0,0.119,-1.406502,0
"2023-02-23 23:00:00",13,12.81,21.92,0,0,0,0,0,-0.004,-0.002,-520.2,-516.9,-523.5,2.129,-514.8,-510.8,-516.9,0,0,0,0,0.116,-4.579482,0
"2023-02-24 00:00:00",14,12.81,20.83,0,0,0,0,0,-0.004,-0.002,-523,-519.6,-526.5,2.131,-519.3,-514.9,-521.3,0,0,0,0,0.114,-7.044226,0
"2023-02-24 01:00:00",15,12.79,20.17,0,0,0,0,0,-0.004,-0.002,-525.6,-522.6,-528.5,2.054,-522.3,-519.4,-524.2,0,0,0,0,0.112,-9.29743,0
"2023-02-24 02:00:00",16,12.79,19.49,135,117.9,162.1,105.1,0,-0.004,-0.002,-527.2,-524.5,-530,2.037,-524.7,-522.3,-526.6,0,0,0,0,0.111,-10.5518,0
"2023-02-24 03:00:00",17,12.77,19.27,537.2,518.1,568.7,345.6,0,-0.004,-0.002,-528.8,-526.1,-531.1,2.027,-526.1,"NAN","NAN",0,0,0,0,0.113,-11.85151,0
"2023-02-24 04:00:00",18,12.76,19.39,203.2,174,250.3,167.5,0,-0.004,-0.002,-528.9,-526.6,-531,2.016,-525.7,"NAN","NAN",0,0,0,0,0.112,-11.8676,0
"2023-02-24 05:00:00",19,12.77,18.34,1285,1359,1204,688.4,0,-0.003,-0.001,-529.3,-526.6,-532.4,2.08,"NAN","NAN","NAN",0,0,0,0,0.125,-12.21609,0
"2023-02-24 06:00:00",20,12.73,17.33,2856,3123,2544,1409,0,-0.003,-0.001,-531.6,-528.4,-534.5,2.104,"NAN","NAN","NAN",0,0,0,0,0.114,-14.10018,0
"2023-02-24 07:00:00",21,12.73,17,3388,3721,2998,1654,0,-0.003,-0.001,-533.2,-530.5,-535.6,2.051,"NAN","NAN","NAN",0,0,0,0,0.109,-15.29735,0
"2023-02-24 08:00:00",22,13.36,17.74,2516,2740,2256,1255,0,-0.004,-0.002,-533.3,-530.6,-535.4,2.044,"NAN","NAN","NAN",0,0,0,0,0.108,-15.32233,0
"2023-02-24 09:00:00",23,13.77,22.95,3.134,1.811,6.197,5.214,0,-0.004,-0.002,-529.1,-521.1,-534.6,3.363,-517.1,"NAN","NAN",0,0,0,0,0.137,-12.13478,0
"2023-02-24 10:00:00",24,13.65,25.91,0,0,0,0,0,-0.004,-0.002,-514.6,-507.3,-524.9,4.125,-497,-497,-518.9,0,0,0,0,0.124,0.259523,0
"2023-02-24 11:00:00",25,13.59,27.5,0,0,0,0,0,-0.004,-0.002,-504.6,-498.8,-511.1,3.094,-485.1,-485.1,-499.2,0,0,0,0,0.128,9.06628,0
"2023-02-24 12:00:00",26,13.56,29.19,0,0,0,0,0,-0.004,-0.002,-496.7,-489.8,-502.7,3.29,-472.9,-472.9,-487.6,0,0,0,0,0.132,16.5045,0
"2023-02-24 13:00:00",27,13.44,31.53,0,0,0,0,0,-0.004,-0.002,-485.3,-475,-493.6,4.763,-453.3,-453.3,-475.5,0,0,0,0,0.135,27.24876,0
"2023-02-24 14:00:00",28,13.36,33.12,0,0,0,0,0,-0.004,-0.002,-468.2,-460.1,-478.6,4.588,-434.2,-434.2,-455.9,0,0,0,0,0.137,43.72659,0
"2023-02-24 15:00:00",29,13.29,34.75,0,0,0,0,0,-0.004,-0.002,-454.8,-443.9,-463.8,5.383,-413.9,-413.9,-437.1,0,0,0,0,0.143,56.95048,0
"2023-02-24 16:00:00",30,13.28,35,0,0,0,0,0,-0.004,-0.002,-443.3,-440.4,-447.6,2.141,-409.4,-409.4,-417.1,0,0,0,0,0.143,67.53503,0
"2023-02-24 17:00:00",31,13.29,34.84,0,0,0,0,0,-0.004,-0.002,-443.5,-439.1,-448.6,2.85,-412.9,-407.9,-418,0,0,0,0,0.141,66.84441,0
"2023-02-24 18:00:00",32,13.09,34.41,0,0,0,0,0,-0.004,-0.002,-443.9,-441,-447.9,2.069,-414.2,-410.2,-417.4,0,0,0,0,0.139,67.07555,0
"2023-02-24 19:00:00",33,13.04,30.29,0,0,0,0,0,-0.004,-0.002,-460.6,-444.5,-480.2,10.53,-454.9,-414.4,-457.4,0,0,0,0,0.132,49.09587,0
"2023-02-24 20:00:00",34,12.97,26.65,0,0,0,0,0,-0.004,-0.002,-490.6,-477.2,-502.7,6.487,-485.3,-455.6,-487.5,0,0,0,0,0.124,21.265,0
"2023-02-24 21:00:00",35,12.97,24.36,0,0,0,0,0,-0.004,-0.002,-508.5,-499.4,-515,3.961,-502.5,-485.7,-504.7,0,0,0,0,0.121,5.440158,0
"2023-02-24 22:00:00",36,12.9,23.23,0,0,0,0,0,-0.004,-0.002,-515.1,-511.3,-519.1,2.219,-508.4,-502.6,-510.5,0,0,0,0,0.119,-0.201741,0
"2023-02-24 23:00:00",37,12.89,21.87,0,0,0,0,0,-0.004,-0.002,-519.8,-515.3,-523.7,2.376,-515,-508.5,-517.1,0,0,0,0,0.115,-4.322901,0
"2023-02-25 00:00:00",38,12.85,21.59,0,0,0,0,0,-0.004,-0.002,-523.2,-519.8,-525.8,2.083,-517.6,-515.1,-520.3,0,0,0,0,0.115,-7.22432,0
"2023-02-25 01:00:00",39,12.8,20.88,30.13,17.45,59.15,44.4,0,-0.004,-0.002,-523.8,-521.2,-526.7,2.054,-519.7,-517.3,-521.7,0,0,0,0,0.114,-7.685744,0
"2023-02-25 02:00:00",40,12.81,20.52,317.2,281,377.5,241.6,0,-0.004,-0.002,-525.5,-522.8,-527.8,2.018,-521.3,-519.7,-523.3,0,0,0,0,0.117,-9.179011,0
"2023-02-25 03:00:00",41,12.77,19.61,1421,1512,1320,748.3,0,-0.003,-0.001,-526.8,-523.9,-529.8,2.079,-524.4,-521.3,-526.3,0,0,0,0,0.111,-10.26233,0
"2023-02-25 04:00:00",42,12.77,19.4,2081,2252,1885,1053,0,-0.003,-0.001,-528.6,-525.9,-530.8,2.023,-525.8,"NAN","NAN",0,0,0,0,0.11,-11.73587,0
"2023-02-25 05:00:00",43,12.74,19.52,1782,1914,1630,917,0,-0.004,-0.002,-528.6,-526.4,-530.7,2.015,-525.4,"NAN","NAN",0,0,0,0,0.111,-11.6112,0
"2023-02-25 06:00:00",44,12.73,19.05,1887,2033,1720,966,0,-0.003,-0.001,-528.6,-526.4,-531.2,2.027,-526.6,"NAN","NAN",0,0,0,0,0.11,-11.63895,0
"2023-02-25 07:00:00",45,12.74,18.34,2658,2897,2374,1318,0,-0.003,-0.001,-530,-527.2,-532.8,2.067,"NAN","NAN","NAN",0,0,0,0,0.11,-12.83785,0
"2023-02-25 08:00:00",46,13.16,19.05,1778,1905,1622,915,0,-0.004,-0.002,-530.7,-527.9,-532.9,2.04,"NAN","NAN","NAN",0,0,0,0,0.109,-13.28093,0
"2023-02-25 09:00:00",47,13.79,22.93,0,0,0,0,0,-0.004,-0.002,-526.1,-518.7,-531.9,3.514,-513.6,"NAN","NAN",0,0,0,0,0.114,-9.408858,0
"2023-02-25 10:00:00",48,13.67,25.38,0,0,0,0,0,-0.004,-0.002,-515.3,-509,-522.5,3.437,-499.6,-499.6,-515.6,0,0,0,0,0.121,-0.1453618,0
"2023-02-25 11:00:00",49,13.59,27.53,0,0,0,0,0,-0.004,-0.002,-506.1,-499.2,-512.9,3.472,-485.8,-485.8,-501.8,0,0,0,0,0.13,7.88134,0
"2023-02-25 12:00:00",50,13.52,29.99,0,0,0,0,0,-0.004,-0.002,-495.4,-486,-503,4.33,-467.9,-467.9,-488.2,0,0,0,0,0.133,17.83686,0
"2023-02-25 13:00:00",51,13.39,32.15,0,0,0,0,0,-0.004,-0.002,-478.7,-469,-489.7,5.464,-445.5,-445.5,-470.4,0,0,0,0,0.137,33.44255,0
"2023-02-25 14:00:00",52,13.32,34.31,0,0,0,0,0,-0.004,-0.002,-462.1,-450.5,-472.7,5.908,-422.1,-422.1,-448.4,0,0,0,0,0.14,49.58379,0
"2023-02-25 15:00:00",53,13.28,35.05,0,0,0,0,0,-0.004,-0.002,-446.5,-441,-454.1,3.148,-410.3,-410.3,-425.1,0,0,0,0,0.143,64.60319,0
"2023-02-25 16:00:00",54,13.26,35.86,0,0,0,0,0,-0.004,-0.002,-438.6,-431.9,-444.7,3.43,-399.4,-399.4,-413.6,0,0,0,0,0.143,72.52658,0
"2023-02-25 17:00:00",55,13.25,36.12,0,0,0,0,0,-0.004,-0.002,-429.9,-426.2,-435.6,2.508,-394.2,-392.5,-402.7,0,0,0,0,0.144,80.7803,0
"2023-02-25 18:00:00",56,13.09,34.24,0,0,0,0,0,-0.004,-0.002,-434.4,-427.4,-447.7,5.766,-413.9,-393.9,-416.9,0,0,0,0,0.141,75.18098,0
"2023-02-25 19:00:00",57,13.05,30.9,0,0,0,0,0,-0.004,-0.002,-459.6,-444.6,-475.9,8.19,-449.4,-414.5,-452,0,0,0,0,0.132,50.10974,0
"2023-02-25 20:00:00",58,12.97,27.9,0,0,0,0,0,-0.004,-0.002,-486.4,-472.9,-497.2,6.242,-477.6,-450.1,-480,0,0,0,0,0.128,25.09311,0
"2023-02-25 21:00:00",59,12.93,25.35,0,0,0,0,0,-0.004,-0.002,-503.1,-493.7,-510.8,4.459,-496.5,-478,-498.8,0,0,0,0,0.123,10.28076,0
"2023-02-25 22:00:00",60,12.92,24.1,0,0,0,0,0,-0.004,-0.002,-511.8,-507.1,-516.1,2.43,-504,-496.7,-506.2,0,0,0,0,0.118,2.66204,0
"2023-02-25 23:00:00",61,12.87,22.74,0,0,0,0,0,-0.004,-0.002,-517.1,-512.3,-521.2,2.495,-511.4,-504.1,-513.5,0,0,0,0,0.115,-2.004464,0
"2023-02-26 00:00:00",62,12.83,21.87,0,0,0,0,0,-0.004,-0.002,-520.5,-517.3,-523.7,2.084,-515.2,-511.4,-517.2,0,0,0,0,0.116,-4.908465,0
"2023-02-26 01:00:00",63,12.82,21.24,187,161.9,237.6,160,0,-0.004,-0.002,-523.4,-519.8,-526.1,2.118,-518.7,-515.3,-520.8,0,0,0,0,0.115,-7.390143,0
"2023-02-26 02:00:00",64,12.81,20.69,523.6,530.2,524.9,312.1,0,-0.004,-0.002,-524.4,-522,-527.3,2.032,-520.5,-518.5,-522.5,0,0,0,0,0.115,-8.237777,0
"2023-02-26 03:00:00",65,12.77,20.22,1471,1569,1364,772.1,0,-0.004,-0.002,-526.2,-523.3,-528.8,2.04,-522.7,-520.5,-524.7,0,0,0,0,0.117,-9.793725,0
"2023-02-26 04:00:00",66,12.76,20.35,994,1033,956,552.2,0,-0.004,-0.002,-526.5,-524.2,-528.8,2.019,-522.1,-521.9,-524.8,0,0,0,0,0.116,-10.01986,0
"2023-02-26 05:00:00",67,12.73,19.52,1951,2109,1771,991,0,-0.003,-0.001,-527.1,-524.4,-530,2.046,-524.6,-522.1,-526.6,0,0,0,0,0.112,-10.50845,0
"2023-02-26 06:00:00",68,12.73,19.03,2912,3188,2591,1433,0,-0.003,-0.001,-529.1,-526.1,-531.5,2.057,-527,"NAN","NAN",0,0,0,0,0.113,-12.12487,0
"2023-02-26 07:00:00",69,12.73,18.1,3640,4007,3213,1767,0,-0.003,-0.001,-530.2,-527.5,-533.2,2.082,"NAN","NAN","NAN",0,0,0,0,0.109,-13.03847,0
"2023-02-26 08:00:00",70,13.27,18.87,3103,3404,2755,1521,0,-0.004,-0.002,-531.5,-528.7,-533.8,2.041,"NAN","NAN","NAN",0,0,0,0,0.115,-14.05013,0
"2023-02-26 09:00:00",71,13.78,23.23,29.27,26.44,34.69,22.49,0,-0.004,-0.002,-526.6,-518.6,-532.7,3.625,-513.5,"NAN","NAN",0,0,0,0,0.121,-10.01981,0
"2023-02-26 10:00:00",72,13.62,26.59,0,0,0,0,0,-0.004,-0.002,-513.4,-504.8,-522.4,4.398,-493.6,-493.6,-515.4,0,0,0,0,0.126,1.355787,0
"2023-02-26 11:00:00",73,13.56,28.71,0,0,0,0,0,-0.004,-0.002,-501,-493.6,-508.6,3.724,-478,-478,-495.8,0,0,0,0,0.132,12.39544,0
"2023-02-26 12:00:00",74,13.48,31.05,0,0,0,0,0,-0.004,-0.002,-489.1,-479.1,-497.3,4.574,-458.7,-458.7,-480.5,0,0,0,0,0.135,23.44004,0
"2023-02-26 13:00:00",75,13.4,33.19,0,0,0,0,0,-0.004,-0.002,-472.5,-462.1,-482.8,5.139,-436.7,-436.7,-461.3,0,0,0,0,0.135,39.04705,0
"2023-02-26 14:00:00",76,13.27,35.14,0,0,0,0,0,-0.004,-0.002,-454.5,-442.4,-465.7,6.054,-412.2,-412.2,-439.5,0,0,0,0,0.141,56.72359,0
"2023-02-26 15:00:00",77,13.24,36.65,0,0,0,0,0,-0.004,-0.002,-435.9,-425.2,-446,5.335,-391.4,-391.4,-415.3,0,0,0,0,0.142,75.2318,0
"2023-02-26 16:00:00",78,13.25,37.29,0,0,0,0,0,-0.004,-0.002,-419.9,-415.3,-428.8,3.468,-379.6,-379.6,-394.7,0,0,0,0,0.146,90.58839,0
"2023-02-26 17:00:00",79,13.17,38.62,0,0,0,0,0,-0.004,-0.002,-407.3,-397.3,-419.1,6.727,-358.9,-358.9,-383.1,0,0,0,0,0.147,103.3377,0
"2023-02-26 18:00:00",80,13.09,36.23,0,0,0,0,0,-0.004,-0.002,-408.8,-397.3,-425.4,8.18,-387.2,-358.8,-390.3,0,0,0,0,0.143,99.35767,0
"2023-02-26 19:00:00",81,13.05,32.35,0,0,0,0,0,-0.004,-0.002,-445.8,-422.6,-465.8,12.2,-436.4,-387.9,-439.2,0,0,0,0,0.136,61.90027,0
"2023-02-26 20:00:00",82,12.97,29.49,0,0,0,0,0,-0.004,-0.002,-475.2,-462.7,-487.4,6.298,-464.5,-437,-467.1,0,0,0,0,0.131,35.30964,0
"2023-02-26 21:00:00",83,12.94,27.13,0,0,0,0,0,-0.004,-0.002,-494.1,-484.1,-502.5,4.752,-484.9,-465,-487.3,0,0,0,0,0.124,18.33624,0
"2023-02-26 22:00:00",84,12.89,26.16,0,0,0,0,0,-0.004,-0.002,-503.7,-498.9,-508,2.437,-492.5,-485.1,-494.9,0,0,0,0,0.124,9.939937,0
"2023-02-26 23:00:00",85,12.88,25.07,0,0,0,0,0,-0.004,-0.002,-508.1,-504.2,-512.3,2.304,-498.7,-492.6,-501,0,0,0,0,0.121,5.98479,0
"2023-02-27 00:00:00",86,12.85,23.83,0,0,0,0,0,-0.004,-0.002,-513,-508.6,-517.2,2.365,-505.6,-498.8,-507.8,0,0,0,0,0.117,1.549136,0
"2023-02-27 01:00:00",87,12.8,22.79,0,0,0,0,0,-0.004,-0.002,-517.9,-513.4,-521.7,2.404,-512.1,-505.7,-514.2,0,0,0,0,0.119,-2.737577,0
"2023-02-27 02:00:00",88,12.79,22.08,6.946,2.044,24.61,23.67,0,-0.004,-0.002,-520.1,-517.6,-523.3,2.042,-514.5,-512,-516.6,0,0,0,0,0.116,-4.568717,0
"2023-02-27 03:00:00",89,12.79,21.49,644.7,639.9,659.8,393.5,0,-0.004,-0.002,-522.9,-519.4,-525.7,2.123,-518,-514.6,-520.2,0,0,0,0,0.115,-7.052714,0
"2023-02-27 04:00:00",90,12.78,20.53,1479,1577,1372,776.6,0,-0.003,-0.001,-524.2,-521.6,-527.6,2.096,-521,-517.9,-523,0,0,0,0,0.114,-8.105793,0
"2023-02-27 05:00:00",91,12.73,19.82,2686,2934,2400,1330,0,-0.003,-0.001,-526.8,-523.7,-529.6,2.068,-524.1,-521.1,-526,0,0,0,0,0.112,-10.25807,0
"2023-02-27 06:00:00",92,12.73,19.19,3326,3653,2946,1624,0,-0.003,-0.001,-528.4,-525.7,-531.2,2.053,-526.4,"NAN","NAN",0,0,0,0,0.109,-11.62747,0
"2023-02-27 07:00:00",93,12.72,18.88,3438,3777,3043,1677,0,-0.003,-0.001,-529.4,-527.2,-531.8,2.021,"NAN","NAN","NAN",0,0,0,0,0.107,-12.39589,0
"2023-02-27 08:00:00",94,13.25,19.39,3040,3330,2705,1495,0,-0.004,-0.002,-530.1,-527.5,-532.4,2.029,-527,"NAN","NAN",0,0,0,0,0.109,-13.00838,0
"2023-02-27 09:00:00",95,13.71,23.85,37.42,35.04,42.25,26.8,0,-0.004,-0.002,-525.3,-516.8,-531.5,3.775,-510.8,"NAN","NAN",0,0,0,0,0.116,-8.92958,0
"2023-02-27 10:00:00",96,13.59,27.33,0,0,0,0,0,-0.004,-0.002,-510.7,-501.6,-520.6,4.849,-489.1,-489.1,-512.8,0,0,0,0,0.127,3.842168,0
"2023-02-27 11:00:00",97,13.52,29.63,0,0,0,0,0,-0.004,-0.002,-496.7,-488.4,-505.4,4.219,-471,-471,-491.4,0,0,0,0,0.129,16.2595,0
"2023-02-27 12:00:00",98,13.46,31.4,0,0,0,0,0,-0.004,-0.002,-484.4,-476.3,-492.1,3.868,-455.1,-455.1,-473.5,0,0,0,0,0.133,27.61683,0
"2023-02-27 13:00:00",99,13.36,33.55,0,0,0,0,0,-0.004,-0.002,-470,-459.1,-480,5.438,-433,-433,-457.8,0,0,0,0,0.137,41.31738,0
"2023-02-27 14:00:00",100,13.28,35.45,0,0,0,0,0,-0.004,-0.002,-451.7,-439.9,-462.7,6.016,-409.3,-409.3,-435.9,0,0,0,0,0.142,59.29555,0
"2023-02-27 15:00:00",101,13.21,37.57,0,0,0,0,0,-0.004,-0.002,-431.1,-416.2,-443.5,7.368,-381,-381,-412.4,0,0,0,0,0.145,80.23183,0
"2023-02-27 16:00:00",102,13.2,38.88,0,0,0,0,0,-0.004,-0.002,-406.4,-395.9,-419.7,6.29,-357.5,-357.5,-384.2,0,0,0,0,0.144,104.938,0
"2023-02-27 17:00:00",103,13.16,38.98,0,0,0,0,0,-0.004,-0.002,-394.8,-391.7,-399.7,2.266,-353.1,-352.6,-361.1,0,0,0,0,0.146,115.2699,0
"2023-02-27 18:00:00",104,13.04,36.95,0,0,0,0,0,-0.004,-0.002,-403.4,-392.2,-419.2,7.947,-380,-353.2,-383.3,0,0,0,0,0.144,104.824,0
"2023-02-27 19:00:00",105,13.01,33.62,0,0,0,0,0,-0.004,-0.002,-433.3,-416.1,-453.6,10.28,-421.2,-380.5,-424,0,0,0,0,0.139,74.52772,0
"2023-02-27 20:00:00",106,12.97,30.87,0,0,0,0,0,-0.004,-0.002,-466.2,-450.8,-478.8,7.272,-453.3,-422,-456,0,0,0,0,0.13,43.46279,0
"2023-02-27 21:00:00",107,12.93,27.92,0,0,0,0,0,-0.004,-0.002,-487.9,-475.5,-498.8,6.523,-479.9,-453.7,-482.3,0,0,0,0,0.127,23.75029,0
"2023-02-27 22:00:00",108,12.88,27.19,0,0,0,0,0,-0.004,-0.002,-499.2,-495.1,-503.2,2.235,-485.9,-480,-488.3,0,0,0,0,0.126,13.97833,0
"2023-02-27 23:00:00",109,12.88,26.76,0,0,0,0,0,-0.004,-0.002,-502.6,-499.4,-505.5,2.028,-489.1,-486,-491.6,0,0,0,0,0.125,10.89266,0
"2023-02-28 00:00:00",110,12.85,25.49,0,0,0,0,0,-0.004,-0.002,-506,-501.7,-510.8,2.494,-496.5,-489.2,-498.8,0,0,0,0,0.124,7.82811,0
"2023-02-28 01:00:00",111,12.81,24.28,0,0,0,0,0,-0.004,-0.002,-511.3,-507,-515.6,2.344,-503.4,-496.6,-505.6,0,0,0,0,0.12,3.081167,0
"2023-02-28 02:00:00",112,12.8,23.12,0,0,0,0,0,-0.004,-0.002,-516.2,-511.9,-520.2,2.351,-509.9,-503.5,-512.1,0,0,0,0,0.117,-1.334846,0
"2023-02-28 03:00:00",113,12.78,22.06,587.4,605.3,583.8,347.7,0,-0.003,-0.001,-519.7,-516.3,-523.3,2.14,-514.5,-510,-516.6,0,0,0,0,0.115,-4.286393,0
"2023-02-28 04:00:00",114,12.75,21.13,2071,2242,1875,1048,0,-0.003,-0.001,-523.1,-519.5,-526.4,2.144,-519.1,-514.6,-521.1,0,0,0,0,0.116,-7.270766,0
"2023-02-28 05:00:00",115,12.73,20.6,2650,2894,2370,1313,0,-0.003,-0.001,-525.2,-522.5,-527.8,2.03,-521.3,-519.1,-523.3,0,0,0,0,0.11,-9.015872,0
"2023-02-28 06:00:00",116,12.72,19.51,3646,4012,3219,1771,0,-0.003,-0.001,-527,-523.9,-530.3,2.128,-525.1,-521.3,-527,0,0,0,0,0.113,-10.51147,0
"2023-02-28 07:00:00",117,12.7,18.8,4243,4683,3727,2045,0,-0.003,-0.001,-529.2,-526.4,-532,2.056,"NAN","NAN","NAN",0,0,0,0,0.109,-12.29326,0
"2023-02-28 08:00:00",118,13.11,19.29,3848,4238,3391,1864,0,-0.003,-0.001,-530.3,-527.8,-532.6,2.029,"NAN","NAN","NAN",0,0,0,0,0.11,-13.18914,0
"2023-02-28 09:00:00",119,13.67,23.47,288.9,304,273.7,157.4,0,-0.004,-0.002,-525.9,-518.1,-531.8,3.522,-512.8,"NAN","NAN",0,0,0,0,0.118,-9.495236,0
"2023-02-28 10:00:00",120,13.6,27.61,0,0,0,0,0,-0.004,-0.002,-511.1,-500.6,-521.9,5.528,-487.8,-487.8,-514.7,0,0,0,0,0.126,3.421953,0
"2023-02-28 11:00:00",121,13.52,29.65,0,0,0,0,0,-0.004,-0.002,-495.7,-488.1,-504.4,3.991,-470.7,-470.7,-490.1,0,0,0,0,0.133,17.08252,0
"2023-02-28 12:00:00",122,13.43,31.72,0,0,0,0,0,-0.004,-0.002,-484.2,-474.8,-491.9,4.376,-453.2,-453.2,-473.3,0,0,0,0,0.134,27.8375,0
"2023-02-28 13:00:00",123,13.35,34.08,0,0,0,0,0,-0.004,-0.002,-467.9,-456.3,-478.5,5.504,-429.5,-429.5,-455.9,0,0,0,0,0.137,43.41909,0
"2023-02-28 14:00:00",124,13.25,35.97,0,0,0,0,0,-0.004,-0.002,-447.2,-435.8,-459.8,5.884,-404.4,-404.4,-432.4,0,0,0,0,0.141,63.60085,0
"2023-02-28 15:00:00",125,13.17,37.99,0,0,0,0,0,-0.004,-0.002,-426,-411.9,-439.4,7.102,-376.2,-376.2,-407.5,0,0,0,0,0.144,85.39017,0
"2023-02-28 16:00:00",126,13.16,39.29,0,0,0,0,0,-0.004,-0.002,-399.9,-390.6,-415.5,7.03,-351.7,-351.7,-379.5,0,0,0,0,0.148,111.8477,0
"2023-02-28 17:00:00",127,13.17,38.75,0,0,0,0,0,-0.004,-0.002,-392.3,-388.3,-398.8,2.726,-356.8,-349,-360.4,0,0,0,0,0.147,117.8884,0
"2023-02-28 18:00:00",128,13.05,37.31,0,0,0,0,0,-0.004,-0.002,-405.5,-395.4,-416.3,5.352,-376.8,-357,-380.2,0,0,0,0,0.143,103.6893,0
"2023-02-28 19:00:00",129,13.01,33.51,0,0,0,0,0,-0.004,-0.002,-430.4,-413.1,-453.1,10.89,-420.7,-377.2,-423.4,0,0,0,0,0.138,77.52961,0
"2023-02-28 20:00:00",130,12.97,29.54,0,0,0,0,0,-0.004,-0.002,-471.1,-450.5,-487.2,9.83,-464.4,-421.8,-466.9,0,0,0,0,0.13,38.57912,0
"2023-02-28 21:00:00",131,12.92,26.77,0,0,0,0,0,-0.004,-0.002,-494.9,-484,-504.2,5.161,-487.4,-464.9,-489.7,0,0,0,0,0.125,17.53069,0
"2023-02-28 22:00:00",132,12.89,25.67,0,0,0,0,0,-0.004,-0.002,-506.2,-500.7,-510.4,2.546,-496,-487.6,-498.3,0,0,0,0,0.123,7.683117,0
"2023-02-28 23:00:00",133,12.85,24.72,0,0,0,0,0,-0.004,-0.002,-510.4,-506.6,-514.3,2.246,-501.5,-496.1,-503.8,0,0,0,0,0.121,3.873133,0
"2023-03-01 00:00:00",134,12.82,23.35,476.3,482.2,477.9,282.6,0,-0.004,-0.002,-515,-510.5,-519.6,2.545,-509,-501.6,-511.2,0,0,0,0,0.12,-0.2563919,0
"2023-03-01 01:00:00",135,12.81,22.81,1195,1260,1126,643.8,0,-0.004,-0.002,-518.6,-515.7,-521.5,2.051,-511.9,-509.1,-514,0,0,0,0,0.117,-3.258177,0
"2023-03-01 02:00:00",136,12.78,21.86,2211,2403,1991,1108,0,-0.003,-0.001,-520.9,-517.6,-524.4,2.172,-516.1,-511.9,-518.2,0,0,0,0,0.116,-5.353807,0
"2023-03-01 03:00:00",137,12.76,21.61,2267,2464,2041,1136,0,-0.003,-0.001,-522.8,-520.5,-525,1.993,-517,-516.2,-519,0,0,0,0,0.117,-6.887799,0
"2023-03-01 04:00:00",138,12.73,21,2755,3013,2456,1359,0,-0.003,-0.001,-524,-521,-526.7,2.041,-519.6,-517,-521.6,0,0,0,0,0.114,-7.913975,0
"2023-03-01 05:00:00",139,12.73,20.29,3302,3626,2923,1611,0,-0.003,-0.001,-525.7,-522.8,-528.5,2.055,-522.4,-519.7,-524.3,0,0,0,0,0.111,-9.352936,0
"2023-03-01 06:00:00",140,12.7,19.65,3799,4184,3348,1840,0,-0.003,-0.001,-527.3,-524.6,-530.1,2.046,-524.8,-522.4,-526.7,0,0,0,0,0.109,-10.69977,0
"2023-03-01 07:00:00",141,12.69,19.33,3930,4331,3459,1900,0,-0.003,-0.001,-528.6,-526.1,-531.1,2.026,-526.3,"NAN","NAN",0,0,0,0,0.11,-11.75498,0
"2023-03-01 08:00:00",142,13.16,20.1,2923,3197,2601,1439,0,-0.004,-0.002,-528.6,-525.7,-531.1,2.064,-524.2,"NAN","NAN",0,0,0,0,0.112,-11.66733,0
"2023-03-01 09:00:00",143,12.81,25.69,120.7,121,123,73.93,0,-0.004,-0.002,-522.1,-510.4,-529.7,5.353,-501.6,-501.6,-526.2,0,0,0,0,0.124,-6.172958,0
"2023-03-01 10:00:00",144,12.72,29.92,0,0,0,0,0,-0.004,-0.002,-502.9,-488.7,-514.1,6.369,-471.5,-471.5,-503.6,0,0,0,0,0.132,10.61283,0
"2023-03-01 11:00:00",145,12.73,31.81,0,0,0,0,0,-0.004,-0.002,-482.2,-474.2,-492.3,4.248,-452.3,-452.3,-473.9,0,0,0,0,0.137,28.98839,0
"2023-03-01 12:00:00",146,12.74,33.73,0,0,0,0,0,-0.004,-0.002,-469.9,-459.9,-477.9,4.249,-434.1,-434.1,-455,0,0,0,0,0.137,40.19743,0
"2023-03-01 13:00:00",147,12.77,37.04,0,0,0,0,0,-0.004,-0.002,-447.8,-427,-463.4,9.46,-393.6,-393.6,-436.9,0,0,0,0,0.144,61.42614,0
"2023-03-01 14:00:00",148,12.73,35.85,0,0,0,0,0,-0.004,-0.002,-434,-424.9,-440.8,4.833,-404.2,-391.2,-409.1,0,0,0,0,0.141,74.78065,0
"2023-03-01 15:00:00",149,12.74,37.17,0,0,0,0,0,-0.004,-0.002,-431.9,-422.1,-439.3,4.225,-388.2,-388.2,-407.5,0,0,0,0,0.144,78.79737,0
"2023-03-01 16:00:00",150,12.73,38.32,0,0,0,0,0,-0.004,-0.002,-415.4,-406.6,-425.7,4.452,-370,-370,-391.5,0,0,0,0,0.17,95.5332,0
"2023-03-01 17:00:00",151,12.73,38.24,0,0,0,0,0,-0.004,-0.002,-405.6,-402.1,-410.2,2.252,-366.2,-364.9,-373.5,0,0,0,0,0.171,104.5046,0
"2023-03-01 18:00:00",152,12.74,36.73,0,0,0,0,0,-0.004,-0.002,-413.6,-403.5,-424,5.366,-386,-366.4,-389.3,0,0,0,0,0.166,95.158,0
"2023-03-01 19:00:00",153,12.74,33.08,0,0,0,0,0,-0.004,-0.002,-438.4,-420.8,-459,10.62,-428.2,-386.4,-430.9,0,0,0,0,0.16,69.84988,0
"2023-03-01 20:00:00",154,12.69,30.65,0,0,0,0,0,-0.004,-0.002,-470.6,-456.2,-481.4,6.436,-456.7,-429,-459.4,0,0,0,0,0.138,39.55556,0
"2023-03-01 21:00:00",155,12.65,28.34,0,0,0,0,0,-0.004,-0.002,-486.6,-477.9,-495.3,4.339,-475.3,-457.1,-477.8,0,0,0,0,0.14,25.22638,0
"2023-03-01 22:00:00",156,12.65,26.27,0,0,0,0,0,-0.004,-0.002,-501,-491.9,-507.6,4.11,-492.1,-475.7,-494.5,0,0,0,0,0.144,12.14609,0
"2023-03-01 23:00:00",157,12.62,25.07,0,0,0,0,0,-0.004,-0.002,-508.7,-503.9,-513.1,2.559,-499.7,-492.2,-502,0,0,0,0,0.122,5.444413,0
"2023-03-02 00:00:00",158,12.62,24.1,0,0,0,0,0,-0.004,-0.002,-513,-509.2,-516.9,2.278,-505.2,-499.8,-507.4,0,0,0,0,0.12,1.587976,0
"2023-03-02 01:00:00",159,12.59,23.21,0,0,0,0,0,-0.004,-0.002,-516.4,-513,-519.9,2.157,-509.6,-505.2,-511.7,0,0,0,0,0.118,-1.365569,0
"2023-03-02 02:00:00",160,12.58,22.61,0,0,0,0,0,-0.004,-0.002,-519.1,-516.1,-522,2.042,-512.6,-509.7,-514.7,0,0,0,0,0.115,-3.680764,0
"2023-03-02 03:00:00",161,12.58,22.23,0,0,0.979,2.703,0,-0.004,-0.002,-520.8,-518.1,-523.4,2.022,-514.7,-512.7,-516.8,0,0,0,0,0.117,-5.183348,0
"2023-03-02 04:00:00",162,12.57,21.47,477.8,482.3,486.7,293.5,0,-0.004,-0.002,-522.2,-519.5,-525.3,2.064,-517.6,-514.7,-519.6,0,0,0,0,0.114,-6.392416,0
"2023-03-02 05:00:00",163,12.54,20.55,1608,1724,1479,833,0,-0.003,-0.001,-524.4,-521.4,-527.7,2.1,-521.2,-517.6,-523.1,0,0,0,0,0.111,-8.326356,0
"2023-03-02 06:00:00",164,12.54,19.72,2718,2971,2425,1343,0,-0.003,-0.001,-526.9,-523.8,-529.9,2.077,-524.5,-521.2,-526.4,0,0,0,0,0.111,-10.39291,0
"2023-03-02 07:00:00",165,12.52,19.34,3178,3487,2817,1554,0,-0.003,-0.001,-528.7,-525.9,-531.2,2.046,-526.4,"NAN","NAN",0,0,0,0,0.109,-11.86199,0
"2023-03-02 08:00:00",166,12.5,20.4,1858,2005,1690,948,0,-0.004,-0.002,-528.5,-525.3,-531.2,2.082,-523.6,"NAN","NAN",0,0,0,0,0.112,-11.67733,0
"2023-03-02 09:00:00",167,12.52,24.27,0,0,0.782,1.054,0,-0.004,-0.002,-523.3,-515.4,-529.3,3.547,-508.8,-508.8,-525.6,0,0,0,0,0.136,-7.311617,0
"2023-03-02 10:00:00",168,12.53,27.98,0,0,0,0,0,-0.004,-0.002,-509,-498.8,-519.2,5.209,-485.4,-485.4,-510.8,0,0,0,0,0.146,5.312455,0
"2023-03-02 11:00:00",169,12.54,30.22,0,0,0,0,0,-0.004,-0.002,-493.6,-485.2,-502.6,4.342,-466.9,-466.9,-487.7,0,0,0,0,0.146,19.04092,0
"2023-03-02 12:00:00",170,12.53,32.14,0,0,0,0,0,-0.004,-0.002,-480.9,-472.1,-488.9,4.157,-449.8,-449.8,-469.5,0,0,0,0,0.152,30.63951,0
"2023-03-02 13:00:00",171,12.57,34.34,0,0,0,0,0,-0.004,-0.002,-465.2,-453.9,-475.8,5.478,-426.7,-426.7,-452.5,0,0,0,0,0.142,45.77757,0
"2023-03-02 14:00:00",172,12.57,35.44,0,0,0,0,0,-0.004,-0.002,-447.2,-439.9,-457.5,4.211,-409.4,-409.4,-429.5,0,0,0,0,0.162,63.37546,0
"2023-03-02 15:00:00",173,12.57,37.57,0,0,0,0,0,-0.004,-0.002,-431.4,-417.5,-443.6,7.289,-382.8,-382.8,-412.6,0,0,0,0,0.162,79.8675,0
"2023-03-02 16:00:00",174,12.57,38.2,0,0,0,0,0,-0.004,-0.002,-411.8,-405.8,-421.1,3.873,-369.2,-369.2,-386.1,0,0,0,0,0.171,98.87955,0
"2023-03-02 17:00:00",175,12.54,37.37,0,0,0,0,0,-0.004,-0.002,-410.5,-405.8,-417.6,2.957,-378.5,-369.2,-381.9,0,0,0,0,0.153,98.73085,0
"2023-03-02 18:00:00",176,12.54,35.8,0,0,0,0,0,-0.004,-0.002,-424.4,-414.2,-435.1,5.366,-399.1,-378.8,-402.3,0,0,0,0,0.14,84.48652,0
"2023-03-02 19:00:00",177,12.5,32.57,0,0,0,0,0,-0.004,-0.002,-446.9,-431.8,-464.4,8.92,-434.9,-399.5,-437.7,0,0,0,0,0.161,61.90661,0
"2023-03-02 20:00:00",178,12.5,30.03,0,0,0,0,0,-0.004,-0.002,-474.9,-461.4,-485.7,6.282,-462.4,-435.6,-465,0,0,0,0,0.15,35.58982,0
"2023-03-02 21:00:00",179,12.5,28.38,0,0,0,0,0,-0.004,-0.002,-489.6,-482.2,-496.3,3.526,-476.7,-462.7,-479.2,0,0,0,0,0.13,22.51829,0
"2023-03-02 22:00:00",180,12.46,26.97,0,0,0,0,0,-0.004,-0.002,-498.3,-492.7,-503.6,2.711,-486.6,-476.9,-489,0,0,0,0,0.146,14.79543,0
"2023-03-02 23:00:00",181,12.45,24.53,0,0,0,0,0,-0.004,-0.002,-507.2,-500,-514.3,3.725,-501.5,-486.8,-503.7,0,0,0,0,0.135,6.602411,0
"2023-03-03 00:00:00",182,12.4,23.1,6.716,0.972,23.94,23.61,0,-0.004,-0.002,-516,-510.6,-520.4,2.603,-510.2,-501.7,-512.4,0,0,0,0,0.119,-1.17188,0
"2023-03-03 01:00:00",183,12.41,22.55,252.8,219.1,312.5,205,0,-0.004,-0.002,-519.4,-516.5,-522.3,2.036,-513,-510.3,-515.1,0,0,0,0,0.117,-4.044229,0
"2023-03-03 02:00:00",184,12.37,22.33,400.9,366.2,449.8,279.7,0,-0.004,-0.002,-520.9,-518.4,-523.2,1.997,-514.4,-513.1,-516.5,0,0,0,0,0.115,-5.338564,0
"2023-03-03 03:00:00",185,12.38,21.85,755.1,763,752.7,443.5,0,-0.004,-0.002,-521.8,-519.3,-524.4,2.01,-516.1,-514.4,-518.2,0,0,0,0,0.115,-6.132133,0
"2023-03-03 04:00:00",186,12.38,21.05,2008,2171,1822,1019,0,-0.003,-0.001,-523.6,-520.5,-526.6,2.089,-519.5,-516.2,-521.5,0,0,0,0,0.113,-7.625967,0
"2023-03-03 05:00:00",187,12.34,20.08,3171,3479,2813,1552,0,-0.003,-0.001,-525.8,-522.7,-528.9,2.096,-523,-519.5,-524.9,0,0,0,0,0.11,-9.493029,0
"2023-03-03 06:00:00",188,12.33,19.66,3761,4142,3316,1823,0,-0.003,-0.001,-527.9,-525,-530.4,2.046,-525.2,-523.1,-527.2,0,0,0,0,0.11,-11.29851,0
"2023-03-03 07:00:00",189,12.34,19.11,3887,4285,3422,1879,0,-0.003,-0.001,-528.5,-526.3,-531.2,2.022,-526.4,"NAN","NAN",0,0,0,0,0.111,-11.70716,0
"2023-03-03 08:00:00",190,12.34,19.29,4267,4712,3747,2054,0,-0.003,-0.001,-530.1,-527.2,-532.5,2.044,"NAN","NAN","NAN",0,0,0,0,0.112,-12.99835,0
"2023-03-03 09:00:00",191,12.33,23.52,551.2,589.7,509.2,288.4,0,-0.004,-0.002,-526,-518.1,-531.9,3.546,-512.8,"NAN","NAN",0,0,0,0,0.138,-9.688054,0
"2023-03-03 10:00:00",192,12.34,26.27,0,0,0,0,0,-0.004,-0.002,-513.5,-506.5,-522,3.831,-496,-496,-514.7,0,0,0,0,0.143,1.168943,0
"2023-03-03 11:00:00",193,12.35,28.57,0,0,0,0,0,-0.004,-0.002,-502.6,-495,-510.3,3.9,-480,-480,-498.3,0,0,0,0,0.132,10.74493,0
"2023-03-03 12:00:00",194,12.34,30.59,0,0,0,0,0,-0.004,-0.002,-490.9,-482.8,-498.7,4.146,-463.7,-463.7,-482.5,0,0,0,0,0.147,21.49559,0
"2023-03-03 13:00:00",195,12.34,32.85,0,0,0,0,0,-0.004,-0.002,-477.1,-466.4,-486.5,5.183,-442.5,-442.5,-466.3,0,0,0,0,0.158,34.75022,0
"2023-03-03 14:00:00",196,12.34,34.82,0,0,0,0,0,-0.004,-0.002,-459,-448,-470,5.705,-419.6,-419.6,-445.3,0,0,0,0,0.145,52.50047,0
"2023-03-03 15:00:00",197,12.33,36.38,0,0,0,0,0,-0.004,-0.002,-441,-431,-451.6,5.285,-398.9,-398.9,-422.6,0,0,0,0,0.165,70.51343,0
"2023-03-03 16:00:00",198,12.34,37.45,0,0,0,0,0,-0.004,-0.002,-425.4,-418.3,-434.6,3.948,-383.8,-383.8,-402.1,0,0,0,0,0.165,85.51094,0
"2023-03-03 17:00:00",199,12.34,37.61,0,0,0,0,0,-0.004,-0.002,-415.6,-412.3,-422,2.434,-378,-376.7,-387.2,0,0,0,0,0.17,94.75418,0
"2023-03-03 18:00:00",200,12.34,36.48,0,0,0,0,0,-0.004,-0.002,-419.9,-413.4,-428.4,4.043,-391.2,-378,-394.5,0,0,0,0,0.145,89.92065,0
"2023-03-03 19:00:00",201,12.33,31.17,0,0,0,0,0,-0.004,-0.002,-201.1,-107.8,-282,54.41,-235.5,-66.03,-235.5,0,0,0,0,0.156,298.2821,0
"2023-03-03 20:00:00",202,12.3,30.09,0,0,0,0,0,-0.004,-0.002,-448.5,-294.1,-485,47.68,-461.5,-248,-464.1,0,0,0,0,0.148,45.28226,0
"2023-03-03 21:00:00",203,12.26,27.37,0,0,0,0,0,-0.004,-0.002,-490,-481.5,-499.6,4.462,-481.2,-461.8,-483.5,0,0,0,0,0.142,22.04922,0
"2023-03-03 22:00:00",204,12.26,25.23,0,0,0,0,0,-0.004,-0.002,-505.7,-496.3,-512.1,4.065,-498.4,-481.7,-500.7,0,0,0,0,0.139,7.878248,0
"2023-03-03 23:00:00",205,12.23,23.36,160.6,158.5,168.1,102.5,0,-0.004,-0.002,-513.1,-508.3,-518.7,2.776,-507.8,-498.5,-509.9,0,0,0,0,0.133,1.475484,0
"2023-03-04 00:00:00",206,12.18,22.03,1806,1945,1642,922,0,-0.003,-0.001,-519.6,-514.9,-523.7,2.416,-515.2,-508,-517.3,0,0,0,0,0.131,-4.30966,0
"2023-03-04 01:00:00",207,12.19,21.67,2281,2473,2048,1141,0,-0.003,-0.001,-522.5,-519.8,-525,2.012,-517.1,-515.2,-519.2,0,0,0,0,0.131,-6.580297,0
"2023-03-04 02:00:00",208,12.18,20.73,2853,3120,2535,1403,0,-0.003,-0.001,-523.7,-521.1,-527.1,2.083,-520.2,-517.2,-522.2,0,0,0,0,0.129,-7.690376,0
"2023-03-04 03:00:00",209,12.17,19.67,3968,4372,3487,1916,0,-0.003,-0.001,-526.6,-523.2,-529.8,2.11,-524.3,-520.3,-526.2,0,0,0,0,0.126,-10.07564,0
"2023-03-04 04:00:00",210,12.15,19.17,4411,4869,3864,2119,0,-0.003,-0.001,-528.7,-525.8,-531.2,2.034,-526.5,"NAN","NAN",0,0,0,0,0.125,-11.85502,0
"2023-03-04 05:00:00",211,12.14,18.49,4808,5316,4204,2302,0,-0.003,-0.001,-529.9,-527.2,-532.6,2.05,"NAN","NAN","NAN",0,0,0,0,0.121,-12.8086,0
"2023-03-04 06:00:00",212,12.1,18.34,5015,5545,4382,2398,0,-0.003,-0.001,-531.2,-528.6,-533.4,2.033,"NAN","NAN","NAN",0,0,0,0,0.125,-13.80966,0
"2023-03-04 07:00:00",213,12.11,17.86,4950,5477,4324,2367,0,-0.003,-0.001,-531.2,-529,-533.8,2.034,"NAN","NAN","NAN",0,0,0,0,0.124,-13.83596,0
"2023-03-04 08:00:00",214,12.1,18.97,4368,4820,3831,2103,0,-0.003,-0.001,-531.8,-528.7,-534.2,2.064,"NAN","NAN","NAN",0,0,0,0,0.125,-14.34635,0
"2023-03-04 09:00:00",215,12.11,23.24,473.6,499.6,440.4,252,0,-0.004,-0.002,-526.5,-518.7,-532.8,3.617,-513.7,"NAN","NAN",0,0,0,0,0.132,-10.0624,0
"2023-03-04 10:00:00",216,12.1,26.33,0,0,0,0,0,-0.004,-0.002,-514.1,-506.4,-522.5,4.072,-495.9,-495.9,-515.6,0,0,0,0,0.142,0.6321614,0
"2023-03-04 11:00:00",217,12.09,28.4,0,0,0,0,0,-0.004,-0.002,-502.7,-495.7,-510.2,3.627,-481.1,-481.1,-498.1,0,0,0,0,0.146,10.6676,0
"2023-03-04 12:00:00",218,12.11,30.12,0,0,0,0,0,-0.004,-0.002,-492.9,-485.7,-499.5,3.412,-467.7,-467.7,-483.6,0,0,0,0,0.134,19.65829,0
"2023-03-04 13:00:00",219,12.11,32.1,0,0,0,0,0,-0.004,-0.002,-480.6,-471.7,-489.4,4.601,-449.3,-449.3,-470.2,0,0,0,0,0.152,31.43917,0
"2023-03-04 14:00:00",220,12.11,33.52,0,0,0,0,0,-0.004,-0.002,-467.2,-459.7,-475.4,3.66,-434.2,-434.2,-452.1,0,0,0,0,0.137,44.59499,0
"2023-03-04 15:00:00",221,12.11,35.5,0,0,0,0,0,-0.004,-0.002,-451,-440.1,-463.3,6.25,-410,-410,-437.1,0,0,0,0,0.142,61.05146,0
"2023-03-04 16:00:00",222,12.1,36.75,0,0,0,0,0,-0.004,-0.002,-433.4,-425.1,-443.8,4.999,-391.9,-391.9,-413.2,0,0,0,0,0.143,78.00425,0
"2023-03-04 17:00:00",223,12.11,36.98,0,0,0,0,0,-0.004,-0.002,-424.1,-421.3,-428.8,2.271,-387.3,-387.3,-395.2,0,0,0,0,0.138,86.45904,0
"2023-03-04 18:00:00",224,12.1,35.69,0,0,0,0,0,-0.004,-0.002,-426.6,-421.3,-436.1,3.927,-400.4,-387.3,-403.6,0,0,0,0,0.14,83.09511,0
"2023-03-04 19:00:00",225,12.05,32.4,0,0,0,0,0,-0.004,-0.002,-447.3,-432.8,-465.1,8.68,-435.9,-400.8,-438.6,0,0,0,0,0.149,61.63566,0
"2023-03-04 20:00:00",226,12.06,29.94,0,0,0,0,0,-0.004,-0.002,-476.2,-462.3,-486.5,6.14,-463.5,-436.7,-466.1,0,0,0,0,0.148,34.31807,0
"2023-03-04 21:00:00",227,12.03,27.09,0,0,0,0,0,-0.004,-0.002,-491.9,-483,-502.2,5.068,-484.7,-463.8,-487,0,0,0,0,0.144,20.27466,0
"2023-03-04 22:00:00",228,12.03,25.67,0,0,0,0,0,-0.004,-0.002,-505.1,-498.8,-510,2.789,-495.5,-485,-497.8,0,0,0,0,0.139,8.510297,0
"2023-03-04 23:00:00",229,11.99,24.73,0,0,0,0,0,-0.004,-0.002,-510.6,-506.2,-514.2,2.259,-501.5,-495.6,-503.7,0,0,0,0,0.138,3.764643,0
"2023-03-05 00:00:00",230,11.98,23.88,0,0,0,0,0,-0.004,-0.002,-513.9,-510.4,-517.5,2.147,-506.1,-501.6,-508.2,0,0,0,0,0.13,0.849878,0
"2023-03-05 01:00:00",231,11.94,22.5,567,570.9,565.7,336.5,0,-0.004,-0.002,-518,-513.6,-522.2,2.427,-512.9,-506.1,-515,0,0,0,0,0.128,-2.885986,0
"2023-03-05 02:00:00",232,11.94,22.04,1122,1181,1058,607.8,0,-0.004,-0.002,-521.2,-518.3,-523.9,2.035,-515.5,-513,-517.6,0,0,0,0,0.131,-5.554895,0
"2023-03-05 03:00:00",233,11.93,21.18,1917,2072,1735,972,0,-0.003,-0.001,-522.9,-520,-526.1,2.086,-518.7,-515.5,-520.8,0,0,0,0,0.131,-7.022134,0
"2023-03-05 04:00:00",234,11.9,20.48,2803,3063,2491,1380,0,-0.003,-0.001,-525.3,-522.2,-528.2,2.089,-521.9,-518.8,-523.9,0,0,0,0,0.128,-9.04574,0
"2023-03-05 05:00:00",235,11.91,20.03,3088,3386,2735,1511,0,-0.003,-0.001,-526.7,-524.2,-529.2,2.017,-523.4,-521.9,-525.4,0,0,0,0,0.128,-10.18282,0
"2023-03-05 06:00:00",236,11.88,19.27,3696,4069,3254,1791,0,-0.003,-0.001,-528,-525.2,-530.9,2.058,-526.1,"NAN","NAN",0,0,0,0,0.125,-11.22811,0
"2023-03-05 07:00:00",237,11.86,18.94,3941,4346,3463,1904,0,-0.003,-0.001,-529.4,-526.9,-531.8,2.025,"NAN","NAN","NAN",0,0,0,0,0.126,-12.38174,0
"2023-03-05 08:00:00",238,11.87,19.53,3487,3831,3078,1698,0,-0.003,-0.001,-529.8,-527.2,-532,2.032,-526.6,"NAN","NAN",0,0,0,0,0.128,-12.72388,0
"2023-03-05 09:00:00",239,11.88,23.73,290.6,301.8,277.5,161.3,0,-0.004,-0.002,-525.4,-517.3,-531.2,3.608,-511.6,"NAN","NAN",0,0,0,0,0.124,-9.113695,0
"2023-03-05 10:00:00",240,11.87,27.2,0,0,0,0,0,-0.004,-0.002,-511.8,-502.6,-521.1,4.676,-490.6,-490.6,-513.6,0,0,0,0,0.143,2.750639,0
"2023-03-05 11:00:00",241,11.87,29.71,0,0,0,0,0,-0.004,-0.002,-497.4,-488.5,-506.4,4.541,-471.3,-471.3,-492.9,0,0,0,0,0.146,15.5319,0
"2023-03-05 12:00:00",242,11.87,31.65,0,0,0,0,0,-0.004,-0.002,-483.7,-475.1,-492.2,4.378,-453.7,-453.7,-473.9,0,0,0,0,0.151,28.09736,0
"2023-03-05 13:00:00",243,11.86,33.94,0,0,0,0,0,-0.004,-0.002,-469.1,-457.7,-478.8,5.434,-431.5,-431.5,-456.4,0,0,0,0,0.137,42.07505,0
"2023-03-05 14:00:00",244,11.88,36.12,0,0,0,0,0,-0.004,-0.002,-447.6,-434.7,-461.3,7.047,-403.3,-403.3,-434.4,0,0,0,0,0.137,63.26965,0
"2023-03-05 15:00:00",245,11.87,37.68,0,0,0,0,0,-0.004,-0.002,-424.7,-413.1,-438.3,7.345,-377.8,-377.8,-406.4,0,0,0,0,0.14,86.12946,0
"2023-03-05 16:00:00",246,11.86,37.98,0,0,0,0,0,-0.004,-0.002,-414.3,-410.2,-416.9,2.058,-374.4,-374.4,-381.3,0,0,0,0,0.144,95.44405,0
"2023-03-05 17:00:00",247,11.84,37.58,0,0,0,0,0,-0.004,-0.002,-411.4,-407.7,-416.3,2.346,-377.1,-371.4,-380.5,0,0,0,0,0.145,98.12054,0
"2023-03-05 18:00:00",248,11.82,36.05,0,0,0,0,0,-0.004,-0.002,-422.5,-412.8,-432.9,5.364,-396.6,-377.2,-399.8,0,0,0,0,0.14,86.31097,0
"2023-03-05 19:00:00",249,11.79,32.55,0,0,0,0,0,-0.004,-0.002,-444.9,-429.6,-464,9.57,-434.5,-396.9,-437.2,0,0,0,0,0.152,63.56518,0
"2023-03-05 20:00:00",250,11.79,29.15,0,0,0,0,0,-0.004,-0.002,-477,-461.1,-490.4,7.666,-468.6,-435.2,-471.1,0,0,0,0,0.128,33.4726,0
"2023-03-05 21:00:00",251,11.75,27.37,0,0,0,0,0,-0.004,-0.002,-495.6,-487,-502,3.751,-484.3,-469.1,-486.8,0,0,0,0,0.141,17.08424,0
"2023-03-05 22:00:00",252,11.7,26,0,0,0,0,0,-0.004,-0.002,-504,-498.3,-509.2,2.885,-494.3,-484.5,-496.6,0,0,0,0,0.14,9.616368,0
"2023-03-05 23:00:00",253,11.72,25.05,0,0,0,0,0,-0.004,-0.002,-509,-505.3,-512.8,2.199,-499.4,-494.3,-501.6,0,0,0,0,0.134,5.174045,0
"2023-03-06 00:00:00",254,11.71,23.87,68.95,51.64,98.4,72.04,0,-0.004,-0.002,-513.7,-509,-517.8,2.42,-506.5,-499.5,-508.7,0,0,0,0,0.134,0.9851776,0
"2023-03-06 01:00:00",255,11.66,24.18,1.101,0.093,4.617,5.168,0,-0.004,-0.002,-515.6,-513.1,-518,2.01,-505.4,-505.4,-509.1,0,0,0,0,0.135,-0.6425812,0
"2023-03-06 02:00:00",256,11.66,23.47,137.7,133.1,146.7,91.2,0,-0.004,-0.002,-515.5,-513.1,-518.7,2.029,-507.9,-505.4,-510.1,0,0,0,0,0.134,-0.5485061,0
"2023-03-06 03:00:00",257,11.62,22.47,1583,1695,1452,820,0,-0.003,-0.001,-519,-514.9,-522.5,2.248,-513.3,-508,-515.4,0,0,0,0,0.131,-3.685838,0
"2023-03-06 04:00:00",258,11.62,21.92,2176,2362,1957,1092,0,-0.003,-0.001,-521.5,-518.5,-524.2,2.047,-515.9,-513.4,-518,0,0,0,0,0.131,-5.795308,0
"2023-03-06 05:00:00",259,11.61,21.04,2904,3182,2578,1426,0,-0.003,-0.001,-523.2,-520.3,-526.5,2.09,-519.3,-515.9,-521.3,0,0,0,0,0.13,-7.274593,0
"2023-03-06 06:00:00",260,11.59,20.47,3518,3868,3102,1710,0,-0.003,-0.001,-525.5,-522.6,-528.2,2.042,-521.9,-519.4,-523.9,0,0,0,0,0.128,-9.164979,0
"2023-03-06 07:00:00",261,11.57,19.61,4097,4518,3595,1975,0,-0.003,-0.001,-527.2,-524.2,-530.2,2.092,-524.9,-521.9,-526.9,0,0,0,0,0.126,-10.5699,0
"2023-03-06 08:00:00",262,11.54,20.37,3584,3935,3162,1745,0,-0.003,-0.001,-528.3,-525.4,-530.6,2.037,-523.8,"NAN","NAN",0,0,0,0,0.128,-11.56483,0
"2023-03-06 09:00:00",263,11.55,24.31,208.8,213.9,202.8,119.2,0,-0.004,-0.002,-523.1,-515.1,-529.4,3.704,-508.4,-508.4,-525.8,0,0,0,0,0.135,-7.188697,0
"2023-03-06 10:00:00",264,11.56,27.65,0,0,0,0,0,-0.004,-0.002,-509.5,-500.5,-518.9,4.647,-487.8,-487.8,-510.5,0,0,0,0,0.144,4.836245,0
"2023-03-06 11:00:00",265,11.55,29.99,0,0,0,0,0,-0.004,-0.002,-494.7,-486.3,-504.3,4.649,-468.4,-468.4,-490.1,0,0,0,0,0.144,18.04332,0
"2023-03-06 12:00:00",266,11.55,31.74,0,0,0,0,0,-0.004,-0.002,-482.5,-474.6,-490.1,3.927,-453,-453,-471,0,0,0,0,0.152,29.18843,0
"2023-03-06 13:00:00",267,11.51,33.18,0,0,0,0,0,-0.004,-0.002,-470.4,-462.9,-478.3,3.798,-438.1,-438.1,-455.7,0,0,0,0,0.135,40.72117,0
"2023-03-06 14:00:00",268,11.52,35.01,0,0,0,0,0,-0.004,-0.002,-457.9,-447.8,-466.6,4.416,-419.4,-419.4,-440.9,0,0,0,0,0.141,53.16553,0
"2023-03-06 15:00:00",269,11.48,37.04,0,0,0,0,0,-0.004,-0.002,-435.2,-423,-451.4,7.546,-389.4,-389.4,-422.3,0,0,0,0,0.141,76.19774,0
"2023-03-06 16:00:00",270,11.48,37.87,0,0,0,0,0,-0.004,-0.002,-417.8,-410.6,-426.6,4.161,-374.9,-374.9,-392.7,0,0,0,0,0.145,92.84013,0
"2023-03-06 17:00:00",271,11.44,37.34,0,0,0,0,0,-0.004,-0.002,-414.4,-410.6,-419.1,2.311,-380.3,-374.8,-383.8,0,0,0,0,0.143,95.1331,0
"2023-03-06 18:00:00",272,11.43,35.62,0,0,0,0,0,-0.004,-0.002,-423.7,-415.6,-436.1,5.294,-400.4,-380.5,-403.5,0,0,0,0,0.138,85.23396,0
"2023-03-06 19:00:00",273,11.4,32.4,0,0,0,0,0,-0.004,-0.002,-449.3,-433,-466.3,9.11,-437.4,-400.9,-440.2,0,0,0,0,0.15,59.33818,0
"2023-03-06 20:00:00",274,11.37,30.59,0,0,0,0,0,-0.004,-0.002,-475.1,-463.3,-483.1,5.164,-459,-438,-461.7,0,0,0,0,0.148,35.44368,0
"2023-03-06 21:00:00",275,11.31,28.53,0,0,0,0,0,-0.004,-0.002,-486.7,-479.4,-494.8,4.005,-474.6,-459.2,-477.1,0,0,0,0,0.145,25.1045,0
"2023-03-06 22:00:00",276,11.31,27.07,0,0,0,0,0,-0.004,-0.002,-498.5,-491.3,-504.1,3.277,-487.2,-474.9,-489.6,0,0,0,0,0.141,14.48684,0
"2023-03-06 23:00:00",277,11.28,26.42,0,0,0,0,0,-0.004,-0.002,-503.6,-500.3,-507.3,2.173,-491.7,-487.3,-494.1,0,0,0,0,0.141,9.971529,0
"2023-03-07 00:00:00",278,11.24,25.7,0,0,0,0,0,-0.004,-0.002,-506.9,-503.5,-510.4,2.124,-496,-491.8,-498.3,0,0,0,0,0.139,7.080575,0
"2023-03-07 01:00:00",279,11.19,24.58,0,0,0,0,0,-0.004,-0.002,-510.2,-506.5,-514.4,2.261,-501.8,-496,-504,0,0,0,0,0.136,4.09569,0
"2023-03-07 02:00:00",280,11.13,23.08,0,0,0,0,0,-0.004,-0.002,-515.3,-510.7,-520,2.54,-509.7,-501.9,-511.9,0,0,0,0,0.132,-0.4366704,0
"2023-03-07 03:00:00",281,11.08,22.09,208.1,183.2,254.9,172.9,0,-0.004,-0.002,-519.9,-516.2,-523.3,2.175,-514.6,-509.8,-516.7,0,0,0,0,0.131,-4.345267,0
"2023-03-07 04:00:00",282,11.04,21.82,455.2,429.1,487.9,303.4,0,-0.004,-0.002,-522,-519.4,-524.3,1.998,-516.1,-514.7,-518.2,0,0,0,0,0.133,-6.178679,0
"2023-03-07 05:00:00",283,10.96,21.08,1572,1680,1442,817,0,-0.003,-0.001,-523.5,-520.4,-526.5,2.077,-519.3,-516.2,-521.3,0,0,0,0,0.13,-7.492745,0
"2023-03-07 06:00:00",284,10.89,20.95,2008,2171,1779,1020,0,-0.003,-0.001,-524.9,-522.5,-527.1,2,-520.2,-519.3,-522.2,0,0,0,0,0.129,-8.656218,0
"2023-03-07 07:00:00",285,10.78,20.44,2645,2891,2315,1313,0,-0.003,-0.001,-525.5,-523.1,-528.2,2.02,-521.8,-520.2,-523.8,0,0,0,0,0.127,-9.187722,0
"2023-03-07 08:00:00",286,10.54,20.62,3011,3294,2627,1482,0,-0.003,-0.001,-526.8,-524.2,-529,2.018,-522.4,-521.9,-525.1,0,0,0,0,0.129,-10.27251,0
"2023-03-07 09:00:00",287,10.03,23.72,553.6,582.7,496.5,299.1,0,-0.004,-0.002,-523.8,-517.2,-528.5,2.942,-511.4,-511.4,-524.4,0,0,0,0,0.136,-7.768525,0
"2023-03-07 10:00:00",288,9.44,27.6,0,0,0,0,0,-0.004,-0.002,-510.9,-500.7,-521,5.322,-487.9,-487.9,-513.4,0,0,0,0,0.135,3.422336,0
"2023-03-07 11:00:00",289,8.93,29.51,0,0,0,0,0,-0.004,-0.002,-496.2,-489,-504.4,4.038,-471.9,-471.9,-490.2,0,0,0,0,0.148,16.41091,0
"2023-03-07 12:00:00",290,8.66,31.4,0,0,0,0,0,-0.004,-0.002,-485.3,-477.2,-492.8,4.126,-456.3,-456.3,-474.5,0,0,0,0,0.147,26.40997,0
"2023-03-07 13:00:00",291,8.35,33.6,0,0,0,0,0,-0.004,-0.002,-467.4,-417.9,-480.9,13.87,-394.3,-394.3,-459,0,0,0,0,0.139,47.56659,0
"2023-03-13 13:00:00",292,11.62,32.44,0,0,0,0,0,-0.004,-0.002,28.42,28.98,27.67,0.496,26.6,29,26.6,0,0,0,0,0.161,1006.944,0
"2023-03-13 14:00:00",293,11.6,34.8,0,0,0,0,0,-0.004,-0.002,29.75,30.96,28.95,0.52,24.73,26.91,23.35,0,0,0,0,0.169,1015.777,0
"2023-03-13 15:00:00",294,11.58,36.19,0,0,0,0,0,-0.004,-0.002,30.74,31.9,29.79,0.441,20.14,24.64,20.14,0,0,0,0,0.146,1014.668,0
"2023-03-13 16:00:00",295,11.52,37.45,0,0,0,0,0,-0.004,-0.002,31.95,32.92,30.7,0.578,18.81,20.22,17.27,0,0,0,0,0.149,1013.532,0
"2023-03-13 17:00:00",296,11.32,36.71,0,0,0,0,0,-0.004,-0.002,32.39,34.15,30.86,0.9,18.38,18.98,16.96,0,0,0,0,0.17,1012.79,0
"2023-03-13 18:00:00",297,11.21,30.88,0,0,0,0,0,-0.004,-0.002,29.07,30.86,26.53,1.4,27.44,27.57,18.47,0,0,0,0,0.161,1013.521,0
"2023-03-13 19:00:00",298,11.11,27.76,1596,1863,919,"NAN",0,0.006,0.003,26.15,26.46,25.93,0.115,27.28,28.23,27.24,0,0,0,0,0.153,1014.551,0
"2023-03-13 20:00:00",299,12.15,26.91,0,0,0,0,0,-0.004,-0.002,25.63,26.03,25.35,0.224,27.7,29.58,27.45,0,0,0,0,0.154,1011.384,0
"2023-03-13 21:00:00",300,12.14,27.59,0,0,0,0,0,-0.004,-0.002,26.45,27.42,25.82,0.502,22.45,27.63,21.86,0,0,0,0,0.139,1015.61,0
"2023-03-13 22:00:00",301,12.14,26.26,0,0,0,0,0,-0.004,-0.002,25.36,27.36,23.65,1.434,33.81,33.81,22.34,0,0,0,0,0.15,1016.165,0
"2023-03-13 23:00:00",302,12.13,24.09,0.085,0,0,0,0,-0.004,-0.002,23.12,23.62,22.89,0.16,36.87,37.28,33.93,0,0,0,0,0.148,1017.001,0
"2023-03-14 00:00:00",303,12.15,23.1,33.5,0,0,0,0,-0.004,-0.002,22.65,22.99,22.3,0.167,37.11,39.22,35.7,0,0,0,0,0.128,1017.588,0
"2023-03-14 01:00:00",304,12.13,22.15,149.9,25.03,0,0,0,-0.004,-0.002,22.04,22.76,21.41,0.337,38.63,41.66,37.56,0,0,0,0,0.126,1017.818,0
"2023-03-14 02:00:00",305,12.14,21.29,397.9,259.8,0,0,0,-0.004,-0.002,20.75,21.77,20.14,0.468,42.93,44.01,38.59,0,0,0,0,0.124,1017.881,0
"2023-03-14 03:00:00",306,12.13,20.71,605.5,425.6,0,0,0,-0.004,-0.002,19.94,21.07,19.15,0.533,45.55,46.6,41.37,0,0,0,0,0.122,1017.598,0
"2023-03-14 04:00:00",307,12.14,20,834,616.6,0,0,0,-0.004,-0.002,19.2,19.77,18.64,0.317,49.46,50.67,45.45,0,0,0,0,0.128,1017.632,0
"2023-03-14 05:00:00",308,12.14,19.46,979,822,0,0,0,-0.004,-0.002,18.7,19,18.41,0.138,47.48,51.37,46.52,0,0,0,0,0.142,1017.714,0
"2023-03-14 06:00:00",309,12.11,18.87,1187,1049,0,0,0,-0.004,-0.002,18.31,18.79,17.94,0.234,48.27,48.56,45.2,0,0,0,0,0.122,1018.002,0
"2023-03-14 07:00:00",310,12.12,18.61,1295,1045,1.604,1.558,0,-0.004,-0.002,17.82,18.15,17.56,0.148,50.78,51.86,48.36,0,0,0,0,0.119,1018.726,0
"2023-03-14 08:00:00",311,12.1,19.12,1019,1127,68.8,77.11,0,-0.004,-0.002,18.53,20,17.67,0.552,46.82,53.36,46.82,0,0,0,0,0.122,1019.359,0
"2023-03-14 09:00:00",312,13.68,23.75,74.98,677.4,96.6,500.9,0,-0.004,-0.002,24.76,24.83,24.68,0.071,40.72,41.57,40.72,0,0,0,0,0.126,834.8508,0
"2023-03-14 10:00:00",313,13.56,27.25,340.4,1016,333.3,735.3,0,-0.004,-0.002,24.85,26.1,23.89,0.565,44.21,45.16,34.44,0,0,0,0,0.147,1020.217,0
"2023-03-14 12:00:00",314,13.43,32.07,980,881,128.7,1022,0,0.008,0.003,27.5,27.76,27.32,0.16,35.07,35.49,34.75,1.875,3,0,0.869,0,972.1323,0
"2023-03-14 13:00:00",315,13.35,34.03,994,884,127.9,1033,0,0.008,0.003,28.66,29.43,27.89,0.341,33.1,34.91,31.83,2.17,5.625,0,1.128,0,1018.154,0
"2023-03-14 14:00:00",316,13.28,35.19,982,886,130.6,1020,0,0.008,0.003,30.19,31.15,28.53,0.636,28.49,33.75,26.74,2.269,5.975,0,1.3,0,1016.847,0
"2023-03-14 15:00:00",317,13.3,34.85,819,697.2,178.4,842,0,0.003,0.001,30.34,31.51,28.48,0.779,24.76,29.96,21.86,3.637,9.83,0,2.262,0.001,1015.793,0
"2023-03-14 16:00:00",318,13.36,27.2,196.9,0.274,168.4,181.1,0,0.001,0.001,25.94,28.47,24.71,1.187,32.49,35.09,24.68,9.7,15.38,4.875,2.14,0,1015.682,0
"2023-03-14 17:00:00",319,13.05,27.82,156.6,0.287,135.1,153.2,0,0.001,0,26.24,27.43,25.22,0.553,25.4,32.56,25.16,3.934,10.18,0.5,1.986,0,1015.424,0
