"TIMESTAMP","RECORD","I_dir_Avg","I_glo_Avg","I_dif_Avg","I_glo_inc_Avg","I_uv_Avg","I_UVA_Avg","AirTC_Avg","RH","WS_ms_Avg","WindDir","CS106_PB_Avg","Rain_mm_Tot"
"2023-10-27 16:40:00",5206,443.2,238,5719,286.5,0.018,13.11,28.07,61.14,1.569,226.5,873.212,17.1
"2023-10-27 16:50:00",5207,2768,187.5,3013,226.5,0.014,10.69,27.78,62.76,1.631,171.6,873.2559,6.3
"2023-10-27 17:00:00",5208,7999,167.5,1360,208.1,0.011,9.5,28,64.26,0.479,314.7,873.2161,27.8
"2023-10-27 17:10:00",5209,520.5,163.1,74.14,203.8,0.009,8.35,28.69,66.82,0.504,163.6,873.1834,5.4
"2023-10-27 17:20:00",5210,269.2,126.1,67.62,155,0.006,6.664,28.77,60.92,0.964,260.3,873.2775,1.5
"2023-10-27 17:30:00",5211,182.4,93.7,55.21,114.5,0.004,4.989,27.94,63.33,1.397,275.7,873.3209,0.1
"2023-10-27 17:40:00",5212,138.5,68.1,43.19,84,0.003,3.477,27.39,64.48,1.44,239.9,873.3507,0
"2023-10-27 17:50:00",5213,52.71,36.69,26.56,41.63,0.002,2.053,27.26,65.91,0.38,289,873.5093,0
"2023-10-27 18:00:00",5214,1.464,16.38,12.12,15.61,0.001,0.96,26.85,66.05,0.859,241,873.7109,0
"2023-10-27 18:10:00",5215,0,2.108,0.801,0.846,0.001,0.331,26.69,68.31,1.22,238.2,873.7967,0
"2023-10-27 18:20:00",5216,0,0,0,0,0,0.07,26.41,68.33,1.11,191,873.8229,0
"2023-10-27 18:30:00",5217,0,0,0,0,0,0.006,26.26,70.42,1.647,169.3,873.98,0
"2023-10-27 18:40:00",5218,0.01,0,0,0,0,0,26.08,70.82,1.297,233.5,874.2184,0
"2023-10-27 18:50:00",5219,0.01,0,0,0,0,0,26.07,70.57,1.444,275.8,874.2449,0
"2023-10-27 19:00:00",5220,0,0.03,0,0,0,0,25.73,77.08,2.083,317.5,874.3107,0
"2023-10-27 19:10:00",5221,0,0.132,0,0,0,0,24.3,80.5,2.639,351.5,874.3984,0
"2023-10-27 19:20:00",5222,0,0,0,0,0,0,23.97,77.79,3.382,311.5,874.5146,0
"2023-10-27 19:30:00",5223,0,0,0,0,0,0.001,24.15,77.1,2.705,315.8,874.6681,0
"2023-10-27 19:40:00",5224,0,0,0,0,0,0,24.04,79.47,2.179,314.6,874.8461,0
"2023-10-27 19:50:00",5225,0,0,0,0,0,0,23.72,80.1,2.206,312.8,874.9805,0
"2023-10-27 20:00:00",5226,0,0,0,0,0,0.001,23.54,80.8,2.08,350.6,875.1685,0
"2023-10-27 20:10:00",5227,0.004,0,0,0,0,0,23.43,81.5,1.76,345.5,875.2581,0
"2023-10-27 20:20:00",5228,0.031,0,0,0,0,0,23.32,80.7,1.738,328.6,875.4009,0
"2023-10-27 20:30:00",5229,0.112,0,0,0,0,0.001,23.56,81,1.361,337.9,875.4874,0
"2023-10-27 20:40:00",5230,0.012,0,0,0,0,0.001,23.34,83.6,1.725,320.4,875.663,0
"2023-10-27 20:50:00",5231,0,0,0,0,0,0,22.95,84.4,1.766,350.4,875.6599,0
"2023-10-27 21:00:00",5232,0,0,0,0,0,0,22.67,85.5,2.154,328.8,875.7769,0
"2023-10-27 21:10:00",5233,0.045,0,0,0,0,0,22.5,84,1.725,0.151,875.737,0
"2023-10-27 21:20:00",5234,0.216,0,0,0,0,0,23.13,83.2,1.481,333.6,875.7204,0
"2023-10-27 21:30:00",5235,0.054,0,0,0,0,0.001,22.86,85.8,1.396,279.6,875.757,0
"2023-10-27 21:40:00",5236,0.109,0,0,0,0,0,22.87,84.3,1.547,61.3,876.0735,0
"2023-10-27 21:50:00",5237,0.017,2.671,0,0.054,0,0,22.04,96.2,4.822,103.5,876.6722,0
"2023-10-27 22:00:00",5238,0.118,4.559,0.461,0.571,0,0,19.34,100,3.141,318.5,877.0991,0
"2023-10-27 22:10:00",5239,0.095,0.308,0.051,0.168,0,0.001,19.18,100,3.157,289.3,876.7979,0
"2023-10-27 22:20:00",5240,0.093,0,0,0,0,0.001,19.47,100,2.205,328.7,876.7127,0
"2023-10-27 22:30:00",5241,0.014,0.117,0,0,0,0.001,19.4,100,3.215,337.9,876.824,0
"2023-10-27 22:40:00",5242,0,0.903,0.155,0,0,0.002,19.2,100,4.079,337.8,876.8018,0
"2023-10-27 22:50:00",5243,0.006,0.074,0.015,0,0,0.002,19.23,96.3,3.436,344.5,876.9628,0
"2023-10-27 23:00:00",5244,0,0,0,0,0,0.001,19.23,98,2.468,316.3,876.9207,0
"2023-10-27 23:10:00",5245,0.01,0,0,0,0,0.002,19.1,98.9,1.934,336.1,876.8947,0
"2023-10-27 23:20:00",5246,0.039,0,0,0,0,0.001,19.01,98.9,0.896,0.152,877.0129,0
"2023-10-27 23:30:00",5247,0.142,0,0,0,0,0.002,19.54,96.4,1.005,351.5,877.2231,0
"2023-10-27 23:40:00",5248,0.054,0,0,0,0,0.002,19.69,96.2,0.486,310,877.3242,0
"2023-10-27 23:50:00",5249,0.062,0,0,0,0,0.002,19.78,93.1,0.995,294.7,877.3418,0
"2023-10-28 00:00:00",5250,0.019,0,0,0,0,0.002,19.94,94.4,1.11,322.7,877.4213,0
"2023-10-28 00:10:00",5251,0.041,0,0,0,0,0.002,19.56,95.1,1.775,22.49,877.4442,0
"2023-10-28 00:20:00",5252,0.163,0.044,0.061,0.462,0,0.001,19.71,92.8,1.738,330.9,877.3893,0
"2023-10-28 00:30:00",5253,0.194,0.111,0.305,1.335,0,0.001,20.12,86.6,1.355,315.9,877.2715,0
"2023-10-28 00:40:00",5254,0.287,0.322,0.491,1.399,0,0.001,20.44,76.73,1.176,100.2,877.1522,0
"2023-10-28 00:50:00",5255,0.113,0.311,0.428,0.534,0,0.001,20.55,87.5,1.76,24.3,877.0363,0
"2023-10-28 01:00:00",5256,0.111,0.007,0.036,0.121,0,0.001,20.33,76.8,1.214,18.44,877.009,0
"2023-10-28 01:10:00",5257,0.105,0.003,0.251,0.208,0,0.001,20.84,79.39,1.308,350.6,877.025,0
"2023-10-28 01:20:00",5258,0.002,0,0,0,0,0.001,20.28,86.8,0.498,346.9,876.9798,0
"2023-10-28 01:30:00",5259,0.022,0,0,0,0,0,19.72,87.3,1.579,345.1,876.9352,0
"2023-10-28 01:40:00",5260,0.079,0,0,0,0,0.001,19.81,84.6,1.906,339.7,876.8573,0
"2023-10-28 01:50:00",5261,0.015,0,0,0,0,0.001,19.56,86.7,2.214,331.1,876.7562,0
"2023-10-28 02:00:00",5262,0.034,0,0,0,0,0.001,19.08,86.5,2.29,341.2,876.7076,0
"2023-10-28 02:10:00",5263,0.026,0,0,0,0,0,19.23,87.5,1.745,336.3,876.6882,0
"2023-10-28 02:20:00",5264,0.112,0,0,0,0,0,19.13,86.7,1.335,321.2,876.606,0
"2023-10-28 02:30:00",5265,0.14,0,0,0,0,0,19.3,87.6,1.346,339.7,876.6253,0
"2023-10-28 02:40:00",5266,0.022,0,0,0,0,0,18.79,87.5,1.921,349.1,876.626,0
"2023-10-28 02:50:00",5267,0.019,0,0,0,0,0,18.82,85.6,1.59,334.4,876.4973,0
"2023-10-28 03:00:00",5268,0.085,0,0,0,0,0,18.96,86,1.479,338.7,876.3757,0
"2023-10-28 03:10:00",5269,0.017,0,0,0,0,0,18.71,88.5,2.007,346.2,876.334,0
"2023-10-28 03:20:00",5270,0.043,0,0,0,0,0,18.43,88.8,2.619,340.2,876.3541,0
"2023-10-28 03:30:00",5271,0.089,0,0,0,0,0,18.32,87.5,2.274,343.6,876.3492,0
"2023-10-28 03:40:00",5272,0.081,0,0,0,0,0,18.45,86.9,2.389,343.8,876.3099,0
"2023-10-28 03:50:00",5273,0.061,0,0,0,0,0.001,18.53,87.9,1.882,338.5,876.2953,0
"2023-10-28 04:00:00",5274,0.103,0,0,0.021,0,0,18.66,89.9,1.208,136.6,876.3338,0
"2023-10-28 04:10:00",5275,0.007,0,0,0,0,0,18.55,91.3,0.977,29.77,876.3704,0
"2023-10-28 04:20:00",5276,0,0,0,0,0,0,18.27,90.3,1.881,334.7,876.3384,0
"2023-10-28 04:30:00",5277,0.052,0,0,0,0,0,18.45,88.4,1.533,333.9,876.366,0
"2023-10-28 04:40:00",5278,0.013,0,0,0,0,0,18.56,91.7,1.31,340.6,876.3575,0
"2023-10-28 04:50:00",5279,0.009,0,0,0,0,0,18.28,92.1,1.801,336,876.2814,0
"2023-10-28 05:00:00",5280,0.022,0,0,0,0,0,18.14,92.1,1.975,335.2,876.3185,0
"2023-10-28 05:10:00",5281,0.012,0,0,0,0,0,17.98,91.6,1.786,323.9,876.4041,0
"2023-10-28 05:20:00",5282,0.034,0,0,0,0,0,17.94,91.4,1.815,350.7,876.4818,0
"2023-10-28 05:30:00",5283,0.021,0,0,0,0,0,17.78,91.9,1.543,340.6,876.5562,0
"2023-10-28 05:40:00",5284,0.007,0,0,0,0,0,17.51,94.3,1.645,351.5,876.7115,0
"2023-10-28 05:50:00",5285,0.003,0,0,0,0,0,17.14,93.8,1.91,1.217,876.8063,0
"2023-10-28 06:00:00",5286,0.062,0,0,0,0,0,17.21,92.1,2.22,342.5,876.8749,0
"2023-10-28 06:10:00",5287,0.072,0,0,0,0,0.001,17.26,91.7,2.75,347.7,876.9295,0
"2023-10-28 06:20:00",5288,0.051,0,0,0,0,0.007,17.2,91.6,2.434,339.3,877.0724,0
"2023-10-28 06:30:00",5289,0.036,2.761,1.948,1.978,0,0.08,17.03,91.7,2.19,350.8,877.2367,0
"2023-10-28 06:40:00",5290,0.04,8.13,6.265,6.982,0.001,0.373,16.99,93.5,1.514,0.577,877.4462,0
"2023-10-28 06:50:00",5291,23.6,24.35,18.49,26.31,0.001,1.045,16.81,94.4,1.414,351.5,877.703,0
"2023-10-28 07:00:00",5292,139.7,53.72,36.12,69.24,0.002,2.291,16.8,94.4,1.728,343.6,877.7606,0
"2023-10-28 07:10:00",5293,215.7,84.2,49.41,105.3,0.003,3.799,17.12,92.5,1.691,20.18,877.8493,0
"2023-10-28 07:20:00",5294,304.5,114.3,60.82,151.9,0.004,5.499,17.55,92,1.351,0.152,878.0082,0
"2023-10-28 07:30:00",5295,374.5,133.9,66.86,196.4,0.006,7.174,18.07,91.2,0.626,346.5,878.1544,0
"2023-10-28 07:40:00",5296,436.8,188.2,69.73,239.1,0.009,9.01,18.59,88.7,1.166,12.13,878.2308,0
"2023-10-28 07:50:00",5297,494.7,224.4,72.33,283.3,0.012,10.88,19.31,88.3,0.501,338.1,878.3237,0
"2023-10-28 08:00:00",5298,547.4,262,72.89,327.9,0.015,12.88,20.06,85,0.404,308.5,878.381,0
"2023-10-28 08:10:00",5299,579.6,296.1,73.58,367.3,0.019,14.88,20.75,81.4,0.392,322.9,878.4747,0
"2023-10-28 08:20:00",5300,611.8,330,74.45,407,0.024,17.07,21.9,76.06,0,37.31,878.5394,0
"2023-10-28 08:30:00",5301,655.3,370.4,73.7,453.3,0.03,19.58,23.02,72.29,0.04,234.2,878.5612,0
"2023-10-28 08:40:00",5302,685.5,411.3,74.14,498.1,0.036,21.51,23.12,70.73,0.696,212.9,878.6955,0
"2023-10-28 08:50:00",5303,714.3,449.4,73.7,542.2,0.044,24.5,23.72,67.77,0.495,245.4,878.7579,0
"2023-10-28 09:00:00",5304,735.9,486.7,75.42,585.1,0.051,26.96,24.23,66.96,0.6,317.4,878.8431,0
"2023-10-28 09:10:00",5305,760.8,525.9,75.02,628.1,0.059,29.48,24.1,66.53,0.713,325,878.8882,0
"2023-10-28 09:20:00",5306,779.6,559.7,75.12,665.5,0.068,31.77,24.33,65.89,0.23,12.87,878.8529,0
"2023-10-28 09:30:00",5307,789.3,589.9,75.09,696.9,0.076,33.8,25.58,62.66,0.436,230.2,878.7487,0
"2023-10-28 09:40:00",5308,804,622.6,74.85,732.1,0.085,36.04,25.83,61.62,0.31,290.7,878.6534,0
"2023-10-28 09:50:00",5309,821,656.4,74.07,768,0.094,38.26,26.36,61.59,0.55,323.1,878.4951,0
"2023-10-28 10:00:00",5310,829,692.4,75.58,804,0.103,40.21,24.84,64.79,1.644,351.5,878.3846,0
"2023-10-28 10:10:00",5311,833,716.9,78.37,831,0.111,41.96,25.35,63.98,1.236,149.5,878.3158,0
"2023-10-28 10:20:00",5312,838,750.9,82.7,864,0.12,43.92,24.61,64.12,2.361,203.7,878.2482,0
"2023-10-28 10:30:00",5313,832,766.9,86.7,881,0.127,45.09,24.65,65.24,1.892,167.8,878.224,0
"2023-10-28 10:40:00",5314,845,796.7,87.6,912,0.136,47.29,24.65,68.1,1.96,154.8,878.1173,0
"2023-10-28 10:50:00",5315,857,821,87.2,937,0.145,49.11,24.62,64.47,2.085,209,878.015,0
"2023-10-28 11:00:00",5316,854,834,88.4,950,0.151,49.99,25.05,62.82,1.953,217.1,877.8779,0
"2023-10-28 11:10:00",5317,857,851,89.8,966,0.158,51.18,24.71,66.73,1.314,166.4,877.7588,0
"2023-10-28 11:20:00",5318,862,867,91.5,983,0.164,52.56,25.51,64.57,1.586,46.27,877.6086,0
"2023-10-28 11:30:00",5319,864,879,92.2,996,0.168,53.43,26.09,64.35,1.724,161.2,877.4333,0
"2023-10-28 11:40:00",5320,861,891,95.5,1007,0.171,54.1,26.06,64.2,2.634,212.4,877.3083,0
"2023-10-28 11:50:00",5321,861,898,96.5,1014,0.174,54.66,25.82,66.99,1.829,255.5,877.1206,0
"2023-10-28 12:00:00",5322,864,907,96.8,1023,0.177,55.06,25.68,61.78,2.169,164.2,876.861,0
"2023-10-28 12:10:00",5323,863,911,98.2,1027,0.178,55.44,25.91,60.16,2.715,157.2,876.6374,0
"2023-10-28 12:20:00",5324,870,917,98,1032,0.18,56.07,26.1,59.65,1.669,198.2,876.4661,0
"2023-10-28 12:30:00",5325,856,902,98.2,1017,0.178,55.14,26.82,57.02,1.069,87,876.2701,0
"2023-10-28 12:40:00",5326,857,906,98,1021,0.178,55.16,26.66,59.37,2.236,264.1,876.0451,0
"2023-10-28 12:50:00",5327,868,905,95.2,1023,0.178,55.44,26.52,57.95,1.82,239.2,875.7781,0
"2023-10-28 13:00:00",5328,865,897,93.6,1013,0.174,54.77,26.99,58.54,2.56,261.9,875.5809,0
"2023-10-28 13:10:00",5329,856,884,94.9,1000,0.169,53.81,26.8,57.5,1.845,248.9,875.4287,0
"2023-10-28 13:20:00",5330,845,872,100.2,988,0.164,52.97,26.94,56.91,2.113,102.6,875.3112,0
"2023-10-28 13:30:00",5331,839,860,103.6,975,0.159,52.18,27.44,57.9,1.466,269.2,875.1732,0
"2023-10-28 13:40:00",5332,801,829,113.1,942,0.149,49.75,27.45,55.52,2.256,171.8,874.9556,0
"2023-10-28 13:50:00",5333,769.5,801,122.8,912,0.139,47.66,27.8,55.02,2.179,52.53,874.784,0
"2023-10-28 14:00:00",5334,761.3,787.1,126.6,896,0.133,46.65,27.9,54.29,2.71,185.2,874.6639,0
"2023-10-28 14:10:00",5335,757.4,768.4,126,879,0.126,45.32,27.65,53.58,2.324,179.2,874.549,0
"2023-10-28 14:20:00",5336,760.3,748.8,121.1,860,0.119,43.96,28.07,54.35,2.232,162.2,874.4147,0
"2023-10-28 14:30:00",5337,764,729.5,117.3,841,0.112,42.58,28,56.06,3.281,109.7,874.2278,0
"2023-10-28 14:40:00",5338,753.1,694.9,113.8,806,0.103,40.49,28.36,52.68,1.849,175.7,874.0873,0
"2023-10-28 14:50:00",5339,747.3,671.8,113.4,780.5,0.095,38.83,28.24,55.92,2.476,128.6,873.9286,0
"2023-10-28 15:00:00",5340,717.5,635.2,117.7,742.3,0.085,36.36,28.42,52.34,2.226,165.6,873.869,0
"2023-10-28 15:10:00",5341,697.5,610,124.3,715,0.077,34.47,28.18,51.98,2.076,164.2,873.813,0
"2023-10-28 15:20:00",5342,639.1,567.8,135.9,665.8,0.067,31.69,28.56,52.98,2.458,140,873.7461,0
"2023-10-28 15:30:00",5343,536,503.2,149.1,588.9,0.057,28.12,28.65,51,1.194,238.1,873.705,0
"2023-10-28 15:40:00",5344,521.5,485,157.1,567.1,0.05,26.08,28.32,51.26,1.274,153.9,873.6349,0
"2023-10-28 15:50:00",5345,478.1,491.9,188.9,571.2,0.042,23.76,28.91,51.57,2.274,258.3,873.5944,0
"2023-10-28 16:00:00",5346,6.131,207.9,167.8,221.6,0.029,16.03,27.95,53.79,1.934,325.3,873.5538,0
"2023-10-28 16:10:00",5347,157.3,244.7,134.3,275.9,0.026,15.57,27.3,55.91,1.655,253.5,873.4352,0
"2023-10-28 16:20:00",5348,288.8,291.6,136.1,340.7,0.023,15.28,28.02,52.29,0.542,196.3,873.3644,0
"2023-10-28 16:30:00",5349,365.4,311.1,142,367.5,0.02,14.42,28.93,52.25,0.386,198,873.2678,0
"2023-10-28 16:40:00",5350,356.7,257.4,110.1,308.8,0.015,11.97,29.82,52.55,0.324,248.7,873.2139,0
"2023-10-28 16:50:00",5351,339.5,228.9,104.3,274.7,0.012,10.35,29.43,50.92,0.899,271.9,873.2344,0
"2023-10-28 17:00:00",5352,319.5,205.7,100.8,246.3,0.009,8.56,28.77,56.55,0.498,0.162,873.2775,0
"2023-10-28 17:10:00",5353,275.1,169.8,90.1,202.6,0.006,6.525,29.01,51.99,0.544,294.1,873.3086,0
"2023-10-28 17:20:00",5354,211.5,132.3,78.1,155.1,0.004,4.724,28.47,54.28,0.671,278.5,873.3033,0
"2023-10-28 17:30:00",5355,144.8,89.9,57.96,102.8,0.003,3.437,28.22,53.41,0.665,321.3,873.3048,0
"2023-10-28 17:40:00",5356,76.18,49.49,33.79,54.15,0.002,2.322,27.36,55.33,1.2,321.4,873.34,0
"2023-10-28 17:50:00",5357,13.26,15.53,10.97,14.44,0.001,1.417,26.97,58.97,1.397,321.4,873.3723,0
"2023-10-28 18:00:00",5358,0.015,5.058,2.713,2.517,0.001,0.767,26.4,60.72,1.601,318,873.3969,0
"2023-10-28 18:10:00",5359,0,1.512,0.254,0.127,0.001,0.306,26.05,60.26,1.721,306,873.3947,0
"2023-10-28 18:20:00",5360,0,0,0,0,0,0.066,25.85,62.95,2.083,325.8,873.3953,0
"2023-10-28 18:30:00",5361,0,0,0,0,0,0.006,25.36,65.21,2.249,307.7,873.4214,0
"2023-10-28 18:40:00",5362,0,0,0,0,0,0,24.79,67.99,1.959,298.9,873.4557,0
"2023-10-28 18:50:00",5363,0,0,0,0,0,0,24.25,70.07,2.988,313,873.4958,0
"2023-10-28 19:00:00",5364,0,0,0,0,0,0,23.95,69.48,2.981,332.1,873.5059,0
"2023-10-28 19:10:00",5365,0,0,0,0,0,0,23.59,71.36,2.206,298.6,873.6553,0
"2023-10-28 19:20:00",5366,0,0,0,0,0,0,23.52,71.07,1.531,342,873.8007,0
"2023-10-28 19:30:00",5367,0,0,0,0,0,0,23.33,73.3,0.404,276.4,874.0332,0
"2023-10-28 19:40:00",5368,0,0,0,0,0,0,23.13,73.16,0.867,311.4,874.2628,0
"2023-10-28 19:50:00",5369,0.003,0,0,0,0,0,22.89,73.5,1.446,304.3,874.4069,0
"2023-10-28 20:00:00",5370,0.02,0,0,0,0,0,22.79,73.65,0.775,297.1,874.6053,0
"2023-10-28 20:10:00",5371,0.09,0,0,0,0,0,22.89,73.45,1.484,322.7,874.7523,0
"2023-10-28 20:20:00",5372,0.031,0,0,0,0,0,22.8,74.64,1.932,328.6,874.8659,0
"2023-10-28 20:30:00",5373,0.016,0,0,0,0,0,22.63,76.12,2.161,326.1,875.0016,0
"2023-10-28 20:40:00",5374,0,0,0,0,0,0,22.3,77.07,2.157,351.5,875.1455,0
"2023-10-28 20:50:00",5375,0.025,0,0,0,0,0,22.34,76.97,1.975,0.156,875.2018,0
"2023-10-28 21:00:00",5376,0.138,0,0,0,0,0,22.63,73.59,1.759,351.5,875.3196,0
"2023-10-28 21:10:00",5377,0.044,0,0,0,0,0,22.77,76.7,1.766,330.5,875.4056,0
"2023-10-28 21:20:00",5378,0.002,0,0,0,0,0,22.53,77.04,1.72,343.8,875.4761,0
"2023-10-28 21:30:00",5379,0.005,0,0,0,0,0,22.61,78.24,1.896,345.1,875.4679,0
"2023-10-28 21:40:00",5380,0,0,0,0,0,0,22.29,80.4,2.147,331.8,875.4177,0
"2023-10-28 21:50:00",5381,0,0,0,0,0,0,22.24,80.9,1.484,321,875.3604,0
"2023-10-28 22:00:00",5382,0.009,0,0,0,0,0,22.25,78.47,1.219,329.3,875.4251,0
"2023-10-28 22:10:00",5383,0.054,0,0,0,0,0,22.55,77.89,1.782,351.5,875.4015,0
"2023-10-28 22:20:00",5384,0.004,0,0,0,0,0,22.51,76.48,1.531,325.1,875.4339,0
"2023-10-28 22:30:00",5385,0,0,0,0,0,0,22.43,79.78,0.289,206.5,875.5744,0
"2023-10-28 22:40:00",5386,0.009,0,0,0,0,0,22.49,77.55,0.565,342.8,875.5938,0
"2023-10-28 22:50:00",5387,0.007,0,0,0,0,0,22.31,79.04,1.043,336.1,875.6074,0
"2023-10-28 23:00:00",5388,0,0,0,0,0,0,21.85,81.9,0.4,335.9,875.657,0
"2023-10-28 23:10:00",5389,0.001,0,0,0,0,0,21.3,82.6,0.855,253.3,875.7496,0
"2023-10-28 23:20:00",5390,0.022,0,0,0,0,0,21.76,81,0.343,319.8,875.7723,0
"2023-10-28 23:30:00",5391,0.052,0,0,0,0,0,21.33,81.9,1.676,326,875.7326,0
"2023-10-28 23:40:00",5392,0.085,0,0,0,0,0,21.14,83.1,1.83,326.7,875.7526,0
"2023-10-28 23:50:00",5393,0.074,0,0,0,0,0,21.11,83.6,1.869,332.1,875.71,0
"2023-10-29 00:00:00",5394,0,0,0,0,0,0,21,83.3,0.979,324.8,875.716,0
"2023-10-29 00:10:00",5395,0,0,0,0,0,0,20.98,82.3,1.511,287.1,875.7432,0
"2023-10-29 00:20:00",5396,0,0,0,0,0,0,21.04,82.2,1.045,311.6,875.8079,0
"2023-10-29 00:30:00",5397,0.033,0,0,0,0,0,21.12,81.8,1.406,327,875.894,0
"2023-10-29 00:40:00",5398,0.014,0,0,0,0,0,20.82,84.1,2.248,327.3,875.903,0
"2023-10-29 00:50:00",5399,0,0,0,0,0,0,20.48,84.2,1.623,330.7,875.8851,0
"2023-10-29 01:00:00",5400,0.001,0,0,0,0,0,20.22,85.5,1.974,338.8,875.8759,0
"2023-10-29 01:10:00",5401,0.022,0,0,0,0,0,19.99,85.4,2.581,335.3,875.9047,0
"2023-10-29 01:20:00",5402,0.105,0,0,0,0,0,20.02,85.3,2.208,351.5,875.8634,0
"2023-10-29 01:30:00",5403,0.11,0,0,0,0,0,20.21,84.8,2.219,342.4,875.7755,0
"2023-10-29 01:40:00",5404,0.099,0,0,0,0,0,20.36,83.4,2.275,341.3,875.7814,0
"2023-10-29 01:50:00",5405,0.177,0,0,0,0,0,20.76,82,2.141,339.8,875.7578,0
"2023-10-29 02:00:00",5406,0.047,0,0,0,0,0.001,20.85,82,1.803,335.3,875.7673,0
"2023-10-29 02:10:00",5407,0.007,0,0,0,0,0,20.78,83.6,1.475,11.16,875.6472,0
"2023-10-29 02:20:00",5408,0,0,0,0,0,0,20.65,87.2,0.947,344.2,875.5551,0
"2023-10-29 02:30:00",5409,0.005,0,0,0,0,0,20.35,86,2.345,334.2,875.4182,0
"2023-10-29 02:40:00",5410,0,0,0,0,0,0,20.14,84.5,2.039,334.1,875.3766,0
"2023-10-29 02:50:00",5411,0.131,0,0,0,0,0,20.56,82.6,2.044,338.7,875.28,0
"2023-10-29 03:00:00",5412,0,0,0,0,0,0,19.94,85.9,2.534,347.8,875.1935,0
"2023-10-29 03:10:00",5413,0,0,0,0,0,0,19.47,86.2,2.173,337.7,875.1227,0
"2023-10-29 03:20:00",5414,0.035,0,0,0,0,0,19.67,86.2,2.213,351.4,875.0345,0
"2023-10-29 03:30:00",5415,0.021,0,0,0,0,0,19.42,84.1,2.451,349.2,874.992,0
"2023-10-29 03:40:00",5416,0.001,0,0,0,0,0,19.42,85.4,1.759,346.2,874.9705,0
"2023-10-29 03:50:00",5417,0,0,0,0,0,0,19.08,87.9,1.402,335.7,874.966,0
"2023-10-29 04:00:00",5418,0.038,0,0,0,0,0,19.03,84.5,1.429,349.2,874.9243,0
"2023-10-29 04:10:00",5419,0.147,0,0,0,0,0,19.42,81.3,1.94,331.3,874.9258,0
"2023-10-29 04:20:00",5420,0.069,0,0,0,0,0,19.49,82.4,2.112,326.3,874.8784,0
"2023-10-29 04:30:00",5421,0.026,0,0,0,0,0,19.35,81.5,1.941,330.4,874.8761,0
"2023-10-29 04:40:00",5422,0.016,0,0,0,0,0,19.41,81.3,1.556,341.5,874.9034,0
"2023-10-29 04:50:00",5423,0.028,0,0,0,0,0,19.43,80.7,1.155,339.9,874.9606,0
"2023-10-29 05:00:00",5424,0.009,0,0,0,0,0,19.12,84.2,1.789,331.4,874.9878,0
"2023-10-29 05:10:00",5425,0.066,0,0,0,0,0,18.7,80.4,2.175,333.2,875.0735,0
"2023-10-29 05:20:00",5426,0.121,0,0,0,0,0,19.25,80.4,1.838,342.2,875.1281,0
"2023-10-29 05:30:00",5427,0.011,0,0,0,0,0,18.7,85.1,1.796,343.6,875.1605,0
"2023-10-29 05:40:00",5428,0,0,0,0,0,0,18.2,85.5,1.897,342.3,875.1495,0
"2023-10-29 05:50:00",5429,0,0,0,0,0,0,17.94,88.2,2.043,345,875.1523,0
"2023-10-29 06:00:00",5430,0.01,0,0,0,0,0,17.69,86.4,1.902,341.4,875.2264,0
"2023-10-29 06:10:00",5431,0.003,0,0,0,0,0,17.69,87.7,1.782,333.9,875.2416,0
"2023-10-29 06:20:00",5432,0,0,0,0,0,0.007,17.32,89.7,2.009,335,875.2834,0
"2023-10-29 06:30:00",5433,0.005,0.101,0,0,0,0.069,17.03,90.1,2.341,338.6,875.3,0
"2023-10-29 06:40:00",5434,0.176,2.698,2.199,2.216,0.001,0.348,17.42,86.7,1.539,328,875.4489,0
"2023-10-29 06:50:00",5435,17.82,13.2,9.6,14.11,0.001,0.95,17.41,87.6,1.59,308.4,875.4742,0
"2023-10-29 07:00:00",5436,152.7,35.81,19.45,51.95,0.002,1.948,17.77,84.6,1.251,316.3,875.4813,0
"2023-10-29 07:10:00",5437,260.4,64.89,28.25,91.5,0.003,3.198,17.97,85.3,1.519,328.4,875.5383,0
"2023-10-29 07:20:00",5438,340.9,99.4,35.81,137.3,0.004,4.646,17.82,84.5,1.679,327.9,875.6031,0
"2023-10-29 07:30:00",5439,409.4,132.2,42.54,178,0.006,6.328,18.33,81.5,1.646,338.6,875.6677,0
"2023-10-29 07:40:00",5440,474,171.4,48.2,225.2,0.008,8.24,19.1,80,1.251,2.016,875.7885,0
"2023-10-29 07:50:00",5441,532.3,210.7,52.73,272.6,0.011,10.28,19.84,75.75,0.879,323.6,875.926,0
"2023-10-29 08:00:00",5442,575.4,251.4,57.13,322.5,0.015,12.44,20.65,74.97,0.538,338.6,876.0817,0
"2023-10-29 08:10:00",5443,612.9,289.2,60.04,364.8,0.019,14.71,21.77,68.98,0,337.8,876.1668,0
"2023-10-29 08:20:00",5444,643.8,328.4,64,407.6,0.024,17.03,24.17,61.66,0.216,157.4,876.2572,0
"2023-10-29 08:30:00",5445,670.7,369.5,68.16,454.4,0.029,19.5,24.67,61.68,0.926,125.2,876.3678,0
"2023-10-29 08:40:00",5446,693.7,407.4,70.24,498,0.035,21.94,25.09,57.99,0.754,135.9,876.4663,0
"2023-10-29 08:50:00",5447,710.5,443.4,71.79,536.9,0.042,24.25,25.04,59.35,1.05,172.7,876.5056,0
"2023-10-29 09:00:00",5448,729.8,477.9,73.68,575.8,0.049,26.69,25.54,56.67,0.492,191.7,876.5488,0
"2023-10-29 09:10:00",5449,742.8,515.6,77.16,617,0.057,29.15,25.45,55.72,0.918,242.6,876.6111,0
"2023-10-29 09:20:00",5450,759.3,551.7,79.34,656.2,0.065,31.47,25.79,58.47,1.231,158.7,876.6942,0
"2023-10-29 09:30:00",5451,767.8,585.9,82.5,693.5,0.073,33.47,25.6,57.87,1.607,129.9,876.7963,0
"2023-10-29 09:40:00",5452,776.9,617.7,85.4,727.5,0.081,35.54,25.65,58.54,1.816,156.4,876.8823,0
"2023-10-29 09:50:00",5453,799.5,656,84.8,768.3,0.091,38.04,25.16,59.81,2.429,160.6,876.8932,0
"2023-10-29 10:00:00",5454,815,687.7,83.8,801,0.101,40.33,24.98,60.76,2.081,164.5,876.9486,0
"2023-10-29 10:10:00",5455,828,718.6,83.7,834,0.11,42.42,25.04,56.5,2.281,150.7,876.9694,0
"2023-10-29 10:20:00",5456,836,746.1,84.6,863,0.118,44.28,25.3,57.29,2.396,126,876.9656,0
"2023-10-29 10:30:00",5457,845,772,85.3,890,0.127,46.22,25.61,57.58,2.488,161.5,876.8993,0
"2023-10-29 10:40:00",5458,850,793.4,84.6,910,0.135,47.8,25.42,59.48,2.555,150.4,876.7872,0
"2023-10-29 10:50:00",5459,857,816,85.1,933,0.143,49.36,25.15,59.73,3.111,210.7,876.6296,0
"2023-10-29 11:00:00",5460,862,833,85.7,952,0.15,50.73,25.58,55.65,2.375,172.6,876.4977,0
"2023-10-29 11:10:00",5461,864,852,87.2,969,0.156,51.98,25.36,55.74,2.755,190.5,876.33,0
"2023-10-29 11:20:00",5462,868,866,88.7,985,0.162,53.2,25.91,53.12,2.518,130.6,876.1865,0
"2023-10-29 11:30:00",5463,867,877,90,996,0.166,54.02,26.5,53.27,2.801,138.8,876.0042,0
"2023-10-29 11:40:00",5464,872,890,90.3,1008,0.17,54.94,26.42,52.66,2.62,212.6,875.8259,0
"2023-10-29 11:50:00",5465,871,897,92.2,1014,0.173,55.52,26.37,53.67,1.853,57.9,875.6871,0
"2023-10-29 12:00:00",5466,863,897,94.1,1013,0.174,55.44,26.69,53.62,1.91,42.82,875.4875,0
"2023-10-29 12:10:00",5467,864,903,95.2,1019,0.176,55.84,26.91,53.82,1.921,276.7,875.3343,0
"2023-10-29 12:20:00",5468,864,907,97.2,1023,0.178,56.13,26.59,52.44,2.206,99.5,875.1514,0
"2023-10-29 12:30:00",5469,865,906,96.4,1021,0.178,56.14,27.48,53.24,1.671,291.5,874.9733,0
"2023-10-29 12:40:00",5470,864,904,97.9,1020,0.177,55.96,27.65,52.08,1.901,122.2,874.7847,0
"2023-10-29 12:50:00",5471,862,898,97.1,1015,0.175,55.55,28.26,49.22,1.533,104,874.5545,0
"2023-10-29 13:00:00",5472,856,891,99.7,1008,0.172,54.95,28.37,48.67,1.866,186.1,874.3029,0
"2023-10-29 13:10:00",5473,850,881,100.9,996,0.168,54.2,27.68,51.42,1.604,283.2,874.125,0
"2023-10-29 13:20:00",5474,845,867,100.2,983,0.163,53.14,27.63,51.02,1.815,203.6,873.8427,0
"2023-10-29 13:30:00",5475,843,854,100.2,971,0.158,52.33,28.33,50.62,1.455,224.6,873.6218,0
"2023-10-29 13:40:00",5476,835,840,101.8,955,0.152,51.04,28.31,50.93,2.288,260.3,873.4123,0
"2023-10-29 13:50:00",5477,835,824,101.3,939,0.146,50.09,28.29,47.85,1.68,187.9,873.1619,0
"2023-10-29 14:00:00",5478,826,805,102.3,919,0.138,48.52,29.03,46.1,2.238,127.7,872.9652,0
"2023-10-29 14:10:00",5479,817,781.2,101.9,894,0.13,46.88,28.65,49.18,1.439,73.31,872.7903,0
"2023-10-29 14:20:00",5480,810,755.9,102,867,0.122,45.27,28.55,47.76,0.999,175.6,872.5688,0
"2023-10-29 14:30:00",5481,795.5,727.7,102.3,836,0.113,43.12,29.31,46.03,2.168,216.7,872.371,0
"2023-10-29 14:40:00",5482,787.5,701.9,101.4,813,0.104,41.29,29.02,45.19,2.115,89,872.2175,0
"2023-10-29 14:50:00",5483,774.5,670.9,101.1,780.2,0.096,39.18,30.19,44.91,1.821,147,872.108,0
"2023-10-29 15:00:00",5484,763.9,640.3,98.5,747.6,0.087,37.06,30.01,45.56,2.085,142.2,871.9618,0
"2023-10-29 15:10:00",5485,751.3,607.9,97.6,712.2,0.078,34.84,29.94,45.96,2.631,133.2,871.8537,0
"2023-10-29 15:20:00",5486,732.7,572.5,95.5,674.9,0.069,32.36,29.43,45.45,2.571,206.3,871.7585,0
"2023-10-29 15:30:00",5487,722.6,536.6,92.4,638.4,0.061,30.17,29.9,45.85,1.941,218.2,871.6177,0
"2023-10-29 15:40:00",5488,697,498.5,91.9,596.1,0.053,27.62,29.63,45.05,2.299,144.3,871.557,0
"2023-10-29 15:50:00",5489,682.7,466.5,91.5,561.6,0.046,25.51,30.22,43.44,1.925,178.4,871.5327,0
"2023-10-29 16:00:00",5490,661.5,428.9,87.9,518.9,0.039,23.15,30.41,45.31,1.964,179.2,871.475,0
"2023-10-29 16:10:00",5491,645.3,395.1,85.5,482.2,0.033,20.97,30.13,44.24,2.02,136.6,871.463,0
"2023-10-29 16:20:00",5492,624.7,359.7,82.5,442.1,0.027,18.75,30.24,44.4,2.351,170.9,871.4987,0
"2023-10-29 16:30:00",5493,588.3,320.1,80,396.1,0.022,16.33,29.91,45.86,2.649,158.9,871.5548,0
"2023-10-29 16:40:00",5494,527.3,271.8,77.31,337.9,0.017,13.8,29.95,45.62,1.514,121.3,871.6494,0
"2023-10-29 16:50:00",5495,479.4,231.2,71.95,290,0.014,11.62,29.73,47.03,2.461,176.3,871.7177,0
"2023-10-29 17:00:00",5496,259.7,151,66.86,184.7,0.01,9.1,29.23,50.25,1.625,156.4,871.8216,0
"2023-10-29 17:10:00",5497,266.9,128.8,58.17,162.6,0.007,7.256,29.22,49.14,0.905,167.9,871.9323,0
"2023-10-29 17:20:00",5498,241.2,103,48.43,132.6,0.005,5.579,28.99,50.62,1.638,21.35,871.9985,0
"2023-10-29 17:30:00",5499,198.6,76.81,39.95,101.8,0.004,4.126,28.87,51.98,0.88,70.63,872.0376,0
"2023-10-29 17:40:00",5500,132.2,47.97,28.19,61.89,0.002,2.868,28.59,53.04,0.534,155.3,872.0926,0
"2023-10-29 17:50:00",5501,51.85,26.03,17.98,29.94,0.001,1.767,28.1,54.01,1.061,169.5,872.0911,0
"2023-10-29 18:00:00",5502,0.137,10.99,7.927,8.94,0.001,0.908,27.53,56.37,0.791,131.8,872.1304,0
"2023-10-29 18:10:00",5503,0,1.669,0.578,0.536,0.001,0.319,27.18,58.4,0,152.5,872.1752,0
"2023-10-29 18:20:00",5504,0,0,0,0,0,0.062,26.66,60.8,0,152.5,872.241,0
"2023-10-29 18:30:00",5505,0,0,0,0,0,0.005,26.21,64.38,0,152.5,872.3884,0
"2023-10-29 18:40:00",5506,0,0,0,0,0,0,25.63,68.43,0.085,339.6,872.4639,0
"2023-10-29 18:50:00",5507,0,0,0,0,0,0,25.18,68.22,0.814,347.6,872.5929,0
"2023-10-29 19:00:00",5508,0,0,0,0,0,0,24.67,70.15,1.429,340,872.6808,0
"2023-10-29 19:10:00",5509,0,0,0,0,0,0,24.18,73.23,2.161,341.1,872.769,0
"2023-10-29 19:20:00",5510,0,0,0,0,0,0,23.56,73.98,2.326,347.6,872.8651,0
"2023-10-29 19:30:00",5511,0,0,0,0,0,0,23.38,73.91,2.508,325.7,872.9565,0
"2023-10-29 19:40:00",5512,0.006,0,0,0,0,0,23.21,74.98,2.245,337.3,873.1125,0
"2023-10-29 19:50:00",5513,0,0,0,0,0,0,23.07,74.75,2.294,333.6,873.2988,0
"2023-10-29 20:00:00",5514,0,0,0,0,0,0,22.89,75.34,2.325,334.3,873.5121,0
"2023-10-29 20:10:00",5515,0.004,0,0,0,0,0,22.88,75.21,1.966,31.07,873.6668,0
"2023-10-29 20:20:00",5516,0.051,0,0,0,0,0,22.96,75.64,2.211,331.8,873.7466,0
"2023-10-29 20:30:00",5517,0,0,0,0,0,0,22.69,76.75,2.407,344.6,873.8089,0
"2023-10-29 20:40:00",5518,0.005,0,0,0,0,0,22.57,77.43,2.489,349.9,873.9548,0
"2023-10-29 20:50:00",5519,0,0,0,0,0,0,22.25,78.82,2.395,332.7,874.0266,0
"2023-10-29 21:00:00",5520,0,0,0,0,0,0,22.19,79.22,1.463,17.51,874.152,0
"2023-10-29 21:10:00",5521,0.005,0,0,0,0,0,22.17,77.91,0.426,351.5,874.2673,0
"2023-10-29 21:20:00",5522,0.023,0,0,0,0,0,22.17,80.1,1.251,338.1,874.2957,0
"2023-10-29 21:30:00",5523,0.003,0,0,0,0,0,21.77,80.6,1.481,331.3,874.3125,0
"2023-10-29 21:40:00",5524,0.011,0,0,0,0,0,21.58,80.1,1.451,329.9,874.3998,0
"2023-10-29 21:50:00",5525,0.002,0,0,0,0,0,21.37,82.3,1.478,21.64,874.43,0
"2023-10-29 22:00:00",5526,0,0,0,0,0,0,21.2,81.8,1.064,4.569,874.45,0
"2023-10-29 22:10:00",5527,0,0,0,0,0,0,21.08,83.2,1.031,299.3,874.4385,0
"2023-10-29 22:20:00",5528,0.041,0,0,0,0,0,21.24,80.8,1.094,348.2,874.4183,0
"2023-10-29 22:30:00",5529,0.004,0,0,0,0,0,20.97,83.6,1.809,292.5,874.4386,0
"2023-10-29 22:40:00",5530,0.062,0,0,0,0,0,21.11,82.5,1.539,333.9,874.4393,0
"2023-10-29 22:50:00",5531,0,0,0,0,0,0,20.71,83.1,1.68,342.1,874.3793,0
"2023-10-29 23:00:00",5532,0.041,0,0,0,0,0,20.74,82.8,2.022,326.7,874.3348,0
"2023-10-29 23:10:00",5533,0,0,0,0,0,0,20.44,83.5,1.999,342.6,874.2903,0
"2023-10-29 23:20:00",5534,0.006,0,0,0,0,0,20.49,82.4,1.183,345.6,874.3265,0
"2023-10-29 23:30:00",5535,0.056,0,0,0,0,0,20.78,79.14,1.255,296.9,874.2884,0
"2023-10-29 23:40:00",5536,0.052,0,0,0,0,0,20.94,80.6,1.195,251.7,874.2546,0
"2023-10-29 23:50:00",5537,0.006,0,0,0,0,0,20.97,79.6,0.289,327,874.3156,0
"2023-10-30 00:00:00",5538,0.02,0,0,0,0,0,20.81,80.9,1.159,346.8,874.3948,0
"2023-10-30 00:10:00",5539,0.057,0,0,0,0,0,20.75,81.1,1.59,341.9,874.4012,0
"2023-10-30 00:20:00",5540,0.01,0,0,0,0,0,20.42,85.5,1.55,333.2,874.3344,0
"2023-10-30 00:30:00",5541,0.023,0,0,0,0,0,20.24,80.4,1.366,344.7,874.3584,0
"2023-10-30 00:40:00",5542,0.005,0,0,0,0,0,20.24,79.97,1.625,326,874.3154,0
"2023-10-30 00:50:00",5543,0.085,0,0,0,0,0,20.43,79.15,1.759,345.2,874.3405,0
"2023-10-30 01:00:00",5544,0.014,0,0,0,0,0,20.34,79.58,1.519,332.4,874.3177,0
"2023-10-30 01:10:00",5545,0,0,0,0,0,0,20.4,82.4,0.148,11.18,874.2653,0
"2023-10-30 01:20:00",5546,0,0,0,0,0,0,19.96,85.7,0.696,343.9,874.2441,0
"2023-10-30 01:30:00",5547,0.079,0,0,0,0,0,19.5,82,0.473,0.152,874.2507,0
"2023-10-30 01:40:00",5548,0.146,0,0,0.049,0,0,19.66,85.1,1.77,335.4,874.2477,0
"2023-10-30 01:50:00",5549,0.094,0,0,0,0,0,19.61,84.2,2.335,345.6,874.266,0
"2023-10-30 02:00:00",5550,0.002,0,0,0,0,0,19.63,85.6,1.921,347,874.2692,0
"2023-10-30 02:10:00",5551,0.005,0,0,0,0,0,19.68,87.7,1.794,331.7,874.2074,0
"2023-10-30 02:20:00",5552,0,0,0,0,0,0,19.38,87.5,1.529,327,874.174,0
"2023-10-30 02:30:00",5553,0.046,0,0,0,0,0,19.36,87.1,1.96,346.1,874.1075,0
"2023-10-30 02:40:00",5554,0.076,0,0,0,0,0,19.34,88.9,1.98,337.7,874.0504,0
"2023-10-30 02:50:00",5555,0.038,0,0,0,0,0,19.28,88.2,1.46,331.1,873.9772,0
"2023-10-30 03:00:00",5556,0.058,0,0,0,0,0,19.56,85.7,1.89,328.4,873.929,0
"2023-10-30 03:10:00",5557,0.021,0,0,0,0,0,19.96,82.5,1.483,333,873.8651,0
"2023-10-30 03:20:00",5558,0.056,0,0,0,0,0,20.01,77.76,1.126,344.1,873.9093,0
"2023-10-30 03:30:00",5559,0.047,0,0,0,0,0,19.92,84.1,1.889,334.6,873.9711,0
"2023-10-30 03:40:00",5560,0.037,0,0,0,0,0,19.37,81.4,2.036,330,873.9753,0
"2023-10-30 03:50:00",5561,0.281,0,0,0,0,0,19.75,77.38,2.195,332.4,874.0573,0
"2023-10-30 04:00:00",5562,0.14,0,0,0,0,0,19.94,79.82,2.09,346.2,874.1457,0
"2023-10-30 04:10:00",5563,0.01,0,0,0,0,0,19.72,79.22,1.856,337.7,874.178,0
"2023-10-30 04:20:00",5564,0,0,0,0,0,0,19.65,77.55,2.144,307.9,874.201,0
"2023-10-30 04:30:00",5565,0.004,0,0,0,0,0,19.57,78.9,2.095,15.06,874.2109,0
"2023-10-30 04:40:00",5566,0.033,0,0,0,0,0,19.5,78,2.105,341.1,874.2469,0
"2023-10-30 04:50:00",5567,0,0,0,0,0,0,19.41,78.51,1.991,324.2,874.2145,0
"2023-10-30 05:00:00",5568,0.007,0,0,0,0,0,19.5,77.56,2.258,323.4,874.2412,0
"2023-10-30 05:10:00",5569,0.031,0,0,0,0,0,19.63,78.9,1.881,332.3,874.2975,0
"2023-10-30 05:20:00",5570,0.048,0,0,0,0,0,19.42,78.25,1.94,324.7,874.3539,0
"2023-10-30 05:30:00",5571,0.14,0,0,0,0,0,19.67,76.57,1.421,326.4,874.4514,0
"2023-10-30 05:40:00",5572,0.044,0,0,0,0,0,19.85,76.04,0.849,351,874.5002,0
"2023-10-30 05:50:00",5573,0.018,0,0,0,0,0,19.91,74.34,0.41,349.4,874.5901,0
"2023-10-30 06:00:00",5574,0.091,0,0,0,0,0,19.97,74.92,0.306,331.4,874.6965,0
"2023-10-30 06:10:00",5575,0.182,0,0,0.026,0,0,20.14,73.56,0.954,328.9,874.7798,0
"2023-10-30 06:20:00",5576,0.058,0,0,0,0,0.005,20.19,76.14,1.345,338.8,874.8015,0
"2023-10-30 06:30:00",5577,0.002,0.12,0.03,0.014,0,0.048,19.75,78.67,1.904,336.6,874.8727,0
"2023-10-30 06:40:00",5578,0.079,1.995,1.754,1.815,0,0.213,19.79,77.84,1.966,332.9,874.9727,0
"2023-10-30 06:50:00",5579,1.469,5.196,5.737,6.242,0.001,0.54,20.05,77.08,1.656,328.2,875.1131,0
"2023-10-30 07:00:00",5580,1.071,10.85,10.15,10.56,0.001,0.875,20.16,77.3,1.029,6.4,875.251,0
"2023-10-30 07:10:00",5581,226.2,20.33,17.28,18.84,0.001,1.401,20.44,76.01,0.092,348,875.3696,0
"2023-10-30 07:20:00",5582,460.4,35.85,31.23,32.75,0.002,2.226,20.73,74.26,0.407,301,875.449,34.8
"2023-10-30 07:30:00",5583,296.3,70.04,51.82,64.6,0.004,3.89,20.96,72.57,0.467,246.8,875.5021,3.6
"2023-10-30 07:40:00",5584,35.71,99,73.2,91.8,0.006,5.894,21.24,74.02,0.534,279.2,875.5516,5
"2023-10-30 07:50:00",5585,2647,150.5,95.9,144.7,0.009,7.9,21.11,75.9,1.205,211.2,875.6653,20.9
"2023-10-30 08:00:00",5586,508,143.4,99.8,122.4,0.011,8.76,21.24,73.76,0.619,339.5,875.822,17.5
"2023-10-30 08:10:00",5587,516.2,154.4,113.5,134.5,0.013,10.2,21.55,74.05,0.318,291.7,875.9188,32.3
"2023-10-30 08:20:00",5588,4797,152.5,117.9,160.8,0.017,11.8,22,70.61,0.429,291.6,876.0587,20.1
"2023-10-30 08:30:00",5589,998,257.1,128.2,303,0.023,14.99,22.75,67.31,0.1,185.2,876.1423,7.9
"2023-10-30 08:40:00",5590,361.2,362.4,156.8,430.3,0.029,18.61,24.57,62.47,0.296,129.6,876.2864,0
"2023-10-30 08:50:00",5591,455.6,437.4,175.9,510.1,0.036,22.36,25.27,63.42,0.769,169.9,876.3804,0
"2023-10-30 09:00:00",5592,479,436.9,179.3,546.2,0.042,24.46,26.04,64.72,0.876,164,876.4372,0
"2023-10-30 09:10:00",5593,489,482,166,565.9,0.049,26.15,25.47,67.38,1.361,191.9,876.4806,0
"2023-10-30 09:20:00",5594,513.1,529.1,181.2,621.3,0.057,28.64,25.65,68.43,1.094,115.8,876.5944,0
"2023-10-30 09:30:00",5595,472.8,572.9,222.8,664.8,0.063,30.44,24.93,68.75,1.81,176.4,876.6659,0
"2023-10-30 09:40:00",5596,360.9,553.6,241.9,638.6,0.069,31.29,24.77,70.77,2.036,172,876.6896,0
"2023-10-30 09:50:00",5597,483.6,639.4,238,739.9,0.08,35.1,24.48,70.27,2.181,220.1,876.7264,0
"2023-10-30 10:00:00",5598,588.9,702.3,225,812,0.09,38.4,24.84,67.5,2.376,191.1,876.7805,0
"2023-10-30 10:10:00",5599,629.1,714.1,198.6,822,0.099,40.21,24.82,66.86,2.278,186.8,876.8454,0
"2023-10-30 10:20:00",5600,603.7,727.3,215.8,835,0.104,41.1,25.2,63.72,1.296,124.9,876.9268,0
"2023-10-30 10:30:00",5601,526.9,702.6,230.2,796.6,0.109,41.42,25.65,65.04,1.615,184.4,876.9352,0
"2023-10-30 10:40:00",5602,609.5,774.8,227.2,880,0.118,44.34,25.19,64.28,2.439,204.9,876.9315,0
"2023-10-30 10:50:00",5603,592.3,770.3,223.3,880,0.124,45.12,25.5,64.84,2.393,157.6,876.8498,0
"2023-10-30 11:00:00",5604,641.5,793.5,204,907,0.13,46.63,25.8,63.99,1.95,215.9,876.7186,0
"2023-10-30 11:10:00",5605,681.2,824,195.4,938,0.138,48.73,25.82,63.85,2.13,241.9,876.6128,0
"2023-10-30 11:20:00",5606,702.6,832,180.1,946,0.144,49.99,26.34,60.65,2.145,160.5,876.4409,0
"2023-10-30 11:30:00",5607,705.4,844,181.1,957,0.147,50.63,26.33,60.51,1.894,117.5,876.305,0
"2023-10-30 11:40:00",5608,711,852,178.9,964,0.15,51.18,26.32,61.47,1.583,21.84,876.1146,0
"2023-10-30 11:50:00",5609,704.5,859,184.8,969,0.152,51.57,26.55,59.88,1.644,303.4,875.9585,0
"2023-10-30 12:00:00",5610,692.1,858,189,968,0.153,51.42,26.33,60.36,1.349,344.7,875.7487,0
"2023-10-30 12:10:00",5611,698.3,864,187.9,974,0.154,51.76,26.75,58.09,1.77,218.4,875.5096,0
"2023-10-30 12:20:00",5612,706.6,873,187.6,981,0.155,52.1,26.57,57.64,1.986,146.1,875.3177,0
"2023-10-30 12:30:00",5613,727.1,881,181.3,994,0.158,53.08,27.86,55.35,1.486,186.1,875.0974,0
"2023-10-30 12:40:00",5614,719,875,182.7,986,0.155,52.5,28.4,54.09,2.269,193.4,874.8737,0
"2023-10-30 12:50:00",5615,682.3,855,191.7,961,0.149,50.94,27.73,54.75,1.251,158,874.6711,0
"2023-10-30 13:00:00",5616,670.6,840,196.5,943,0.14,49.71,28.04,54.43,0.813,126.7,874.4612,0
"2023-10-30 13:10:00",5617,684.5,860,207.1,960,0.141,50.16,28.25,57.51,2.885,186,874.2888,0
"2023-10-30 13:20:00",5618,698.8,848,196.4,950,0.141,49.81,28.29,52.83,1.324,147.8,874.1366,0
"2023-10-30 13:30:00",5619,684.2,831,198.2,932,0.135,48.27,29.06,51.09,2.176,305.7,873.9486,0
"2023-10-30 13:40:00",5620,687.1,823,197.6,924,0.132,47.95,29.31,48.32,1.775,203.6,873.8141,0
"2023-10-30 13:50:00",5621,664.9,787.8,190.8,889,0.123,45.56,29.37,50.03,2.374,171.7,873.6256,0
"2023-10-30 14:00:00",5622,651.8,762.6,189.8,862,0.117,44.07,29.56,48.03,0.941,25.96,873.4662,0
"2023-10-30 14:10:00",5623,569.2,697.9,200,788.2,0.106,40.77,30.02,48.03,1.144,170.8,873.2855,0
"2023-10-30 14:20:00",5624,609.1,720,200.2,815,0.101,40.26,30.03,47,2.196,174.8,873.1242,0
"2023-10-30 14:30:00",5625,596.9,710.7,213.5,804,0.094,39.19,29.91,46.1,1.926,207.9,872.9787,0
"2023-10-30 14:40:00",5626,557.3,651.4,201.7,742,0.084,35.92,30.16,45.07,0.809,128.9,872.7911,0
"2023-10-30 14:50:00",5627,561.1,628.9,192.6,718.5,0.078,34.48,30.82,45.97,1.596,234.2,872.6313,0
"2023-10-30 15:00:00",5628,542.1,599.9,191.4,688,0.07,32.49,30.31,45.5,1.611,206.1,872.5311,0
"2023-10-30 15:10:00",5629,499.9,550.2,187.4,632.9,0.062,29.82,30.21,45.62,1.589,167.1,872.4419,0
"2023-10-30 15:20:00",5630,476.8,506.9,175.5,585.4,0.054,27.28,30.74,43.53,1.304,152.7,872.3791,0
"2023-10-30 15:30:00",5631,482.7,491.3,171.2,570,0.048,25.77,30.64,44.5,1.531,228.2,872.2996,0
"2023-10-30 15:40:00",5632,449.6,447.9,163.8,520.1,0.042,23.26,30.69,43.46,1.621,111.9,872.2134,0
"2023-10-30 15:50:00",5633,408.3,399.1,154.4,464.9,0.035,20.76,30.75,41.72,1.176,191.1,872.1761,0
"2023-10-30 16:00:00",5634,399.6,367.6,143.6,429.5,0.03,18.86,31.04,42.83,1.393,114.2,872.085,0
"2023-10-30 16:10:00",5635,384.3,335,134.5,393.3,0.025,16.97,30.27,44.66,0.715,148.7,872.061,0
"2023-10-30 16:20:00",5636,355,298.5,124.8,351.6,0.021,14.89,30.23,43.26,0.583,74.91,872.0386,0
"2023-10-30 16:30:00",5637,204.1,203.7,102.4,234,0.016,12.16,30.64,43.39,0.639,108.2,872.0207,0
"2023-10-30 16:40:00",5638,96.1,119.7,67.25,134.3,0.012,8.98,29.8,46.82,1.29,103.3,872.0809,0
"2023-10-30 16:50:00",5639,39.96,78.04,50.87,88.3,0.009,7.222,29.38,46.78,0.24,166.1,872.0814,0
"2023-10-30 17:00:00",5640,193.5,128,61.53,160.3,0.007,6.665,29.43,45.89,0.414,116.2,872.183,0
"2023-10-30 17:10:00",5641,184.3,129,72.98,154.4,0.006,6.2,29.48,47.77,0.076,10.57,872.186,0
"2023-10-30 17:20:00",5642,146.3,100.6,61.78,117.4,0.004,4.988,28.92,48.52,0.253,20.82,872.194,0
"2023-10-30 17:30:00",5643,110.3,72.36,47.17,83.4,0.003,3.68,28.73,50.64,0.138,315.3,872.2412,0
"2023-10-30 17:40:00",5644,70.01,48,33.45,53.89,0.002,2.509,28.41,49.27,0,329.6,872.306,0
"2023-10-30 17:50:00",5645,29.96,28.34,20.73,29.8,0.001,1.515,28.07,52.75,0.265,336.7,872.4019,0
"2023-10-30 18:00:00",5646,0.057,11.39,7.832,9.18,0.001,0.746,27.29,57.5,1.155,325.6,872.4503,0
"2023-10-30 18:10:00",5647,0,1.6,0.302,0.242,0,0.256,26.57,61.56,1.02,331.8,872.506,0.1
"2023-10-30 18:20:00",5648,0.365,0,0,0,0,0.049,25.73,64.99,1.475,336.8,872.5406,0
"2023-10-30 18:30:00",5649,2.049,0,0,0,0,0.004,25.21,64.16,2.02,337.9,872.5985,0
"2023-10-30 18:40:00",5650,1.883,0,0,0,0,0,24.88,66.17,1.711,332.2,872.7005,0
"2023-10-30 18:50:00",5651,1.48,0,0,0,0,0,24.54,68.15,1.792,351.5,872.8398,0
"2023-10-30 19:00:00",5652,1.08,0,0,0,0,0,24.17,70.23,2.208,0.379,873.0031,0
"2023-10-30 19:10:00",5653,0,0,0,0,0,0,23.79,70.98,1.41,324.7,873.0446,0
"2023-10-30 19:20:00",5654,0,0,0,0,0,0,23.77,70.84,0.19,292.9,873.1166,0
"2023-10-30 19:30:00",5655,0.012,0,0,0,0,0.003,23.67,71.22,1.348,337.8,873.2168,0
"2023-10-30 19:40:00",5656,0.02,0,0,0,0,0.006,23.45,71.66,1.707,323.3,873.3436,0
"2023-10-30 19:50:00",5657,0,0,0,0,0,0.006,23.22,73.37,1.331,329,873.4498,0
"2023-10-30 20:00:00",5658,0,0,0,0,0,0.004,23.16,74.08,0.842,334.7,873.6281,0
"2023-10-30 20:10:00",5659,0,0,0,0,0,0,22.48,77.06,2.579,324.4,873.9028,0
"2023-10-30 20:20:00",5660,0,0,0,0,0,0,22.28,75.94,1.166,335.7,874.0887,0
"2023-10-30 20:30:00",5661,0.111,0,0,0,0,0,22.62,72.14,1.374,328.9,874.223,0
"2023-10-30 20:40:00",5662,0.074,0,0,0,0,0.004,22.87,73.95,1.465,344.7,874.3467,0
"2023-10-30 20:50:00",5663,0,0,0,0,0,0.023,22.35,74.55,1.654,290.9,874.5399,0
"2023-10-30 21:00:00",5664,0.142,0,0,0,0,0.021,22.7,70.72,1.544,323.9,874.7006,0
"2023-10-30 21:10:00",5665,0.076,0,0,0,0,0.02,22.82,72.16,1.135,350.2,874.778,0
"2023-10-30 21:20:00",5666,0.003,0,0,0,0,0.001,22.42,74.18,1.204,100,874.9745,0
"2023-10-30 21:30:00",5667,0.057,0,0,0,0,0,22.6,73.56,0.688,309,875.0958,0
"2023-10-30 21:40:00",5668,0.21,0,0,0,0,0,23.1,72.53,0.5,100.9,875.1862,0
"2023-10-30 21:50:00",5669,0.203,0,0,0,0,0.001,23.35,68.69,2.056,142.4,875.2129,0
"2023-10-30 22:00:00",5670,0.207,0,0,0,0,0.002,23.8,62.73,2.183,128.3,875.2863,0
"2023-10-30 22:10:00",5671,0.049,0,0,0,0,0,23.92,61.16,1.795,183.5,875.5457,0
"2023-10-30 22:20:00",5672,0.026,0,0,0,0,0,23.85,55.62,1.985,141.6,875.7485,0
"2023-10-30 22:30:00",5673,0.001,0,0,0,0,0,23.71,54.41,1.838,190.8,875.8241,0
"2023-10-30 22:40:00",5674,0.001,0,0,0,0,0,23.53,56.15,0.864,32.23,875.9279,0
"2023-10-30 22:50:00",5675,0,0,0,0,0,0,23.19,61.23,0.514,306.1,876.0491,0
"2023-10-30 23:00:00",5676,0,0,0,0,0,0,22.84,56.47,0.28,338.4,876.2342,0
"2023-10-30 23:10:00",5677,0.031,0,0,0,0,0,23.05,56.78,0.519,114.1,876.2811,0
"2023-10-30 23:20:00",5678,0.224,0,0,0,0,0,23,57.88,2.383,156.1,876.3029,0
"2023-10-30 23:30:00",5679,0.011,0,0,0,0,0,22.77,57.78,2.013,176.6,876.2783,0
"2023-10-30 23:40:00",5680,0,0,0,0,0,0,22.51,57.71,1.426,169.1,876.3217,0
"2023-10-30 23:50:00",5681,0.006,0,0,0,0,0,22.35,57.46,1.872,146.4,876.4447,0
"2023-10-31 00:00:00",5682,0.041,0,0,0,0,0,22.29,57.37,2.097,111.6,876.472,0
"2023-10-31 00:10:00",5683,0.036,0,0,0,0,0,22.19,59.13,2.319,113.5,876.4479,0
"2023-10-31 00:20:00",5684,0,0,0,0,0,0,21.96,60.19,1.613,167.4,876.4587,0
"2023-10-31 00:30:00",5685,0,0,0,0,0,0,21.74,61.59,1.538,175,876.5212,0
"2023-10-31 00:40:00",5686,0.039,0,0,0,0,0,21.76,61.67,1.664,165.3,876.6567,0
"2023-10-31 00:50:00",5687,0.009,0,0,0,0,0,21.67,61.57,1.151,113.5,876.5702,0
"2023-10-31 01:00:00",5688,0,0,0,0,0,0,21.29,68.49,0.881,39.74,876.5038,0
"2023-10-31 01:10:00",5689,0,0,0,0,0,0,20.23,71.96,1.663,342.2,876.4734,0
"2023-10-31 01:20:00",5690,0.009,0,0,0,0,0,19.95,69.23,1.859,348.1,876.5016,0
"2023-10-31 01:30:00",5691,0,0,0,0,0,0,19.82,72.81,1.844,337.5,876.4082,0
"2023-10-31 01:40:00",5692,0.002,0,0,0,0,0,19.64,74,1.501,339.3,876.299,0
"2023-10-31 01:50:00",5693,0.008,0,0,0,0,0,19.33,72.26,1.555,308.5,876.2435,0
"2023-10-31 02:00:00",5694,0,0,0,0,0,0,19.31,73.46,1.255,344.3,876.204,0
"2023-10-31 02:10:00",5695,0.001,0,0,0,0,0,19.17,74.17,1.164,340.8,876.1204,0
"2023-10-31 02:20:00",5696,0,0,0,0,0,0,19.04,74.07,0.261,315.1,875.9882,0
"2023-10-31 02:30:00",5697,0.035,0,0,0,0,0,19.04,73.78,0.856,290.5,876.0114,0
"2023-10-31 02:40:00",5698,0.359,0,0,0,0,0,19.42,70.38,2.36,264.8,876.0968,0
"2023-10-31 02:50:00",5699,0.334,0,0,0,0,0,19.86,69.99,3.049,266.2,876.1605,0
"2023-10-31 03:00:00",5700,0.02,0,0,0,0,0,19.78,70.37,2.78,277.8,876.1854,0.1
"2023-10-31 03:10:00",5701,1007,0,0,0,0,0,19.49,71.7,2.569,268.8,876.2474,41.4
"2023-10-31 03:20:00",5702,16.21,0,0,0,0,0,19.41,72.05,2.255,285.5,876.2859,0
"2023-10-31 03:30:00",5703,0.073,0,0,0,0,0,19.17,72.83,1.838,285.4,876.2113,0
"2023-10-31 03:40:00",5704,0.293,0,0,0,0,0,18.99,73.63,2.145,286.3,876.2367,0
"2023-10-31 03:50:00",5705,0.032,0,0,0,0,0,18.94,73.35,2.649,285.4,876.1387,0
"2023-10-31 04:00:00",5706,0,0,0,0,0,0,19,72.94,3.356,272.8,876.097,0
"2023-10-31 04:10:00",5707,0,0,0,0,0,0,19.07,73.49,2.224,292.3,876.0612,0
"2023-10-31 04:20:00",5708,0,0,0,0,0,0,18.88,74.54,2.78,284.3,876.1459,0
"2023-10-31 04:30:00",5709,0,0,0,0,0,0,18.59,76.13,3.317,290.3,876.1193,0
"2023-10-31 04:40:00",5710,0,0,0,0,0,0,18.45,75.68,3.434,290.3,876.12,0
"2023-10-31 04:50:00",5711,0,0,0,0,0,0,18.44,75.71,2.867,300,876.1916,0
"2023-10-31 05:00:00",5712,0,0,0,0,0,0,18.33,76.53,1.15,274.5,876.2534,0
"2023-10-31 05:10:00",5713,0,0,0,0,0,0,18.33,75.77,1.638,274,876.2977,0
"2023-10-31 05:20:00",5714,0,0,0,0,0,0,18.48,75.15,2.857,304.5,876.36,0
"2023-10-31 05:30:00",5715,0,0,0,0,0,0,18.61,74.6,3.056,280.7,876.4359,0
"2023-10-31 05:40:00",5716,0,0,0,0,0,0,18.73,74.35,2.865,284.9,876.5682,0
"2023-10-31 05:50:00",5717,0,0,0,0,0,0,18.55,74.52,2.378,278.7,876.7319,0
"2023-10-31 06:00:00",5718,0,0,0,0,0,0,18.47,76.88,1.669,307.3,876.8685,0
"2023-10-31 06:10:00",5719,0,0,0,0,0,0,17.96,81.2,1.696,307.4,877.0223,0
"2023-10-31 06:20:00",5720,0,0,0,0,0,0.005,17.58,77.96,2.485,304.1,877.2041,0
"2023-10-31 06:30:00",5721,0,0,0,0,0,0.058,17.93,78.19,2.095,289.8,877.2874,0
"2023-10-31 06:40:00",5722,11.39,2.641,1.332,1.456,0.001,0.307,17.63,79.98,2.072,310.3,877.4185,0
"2023-10-31 06:50:00",5723,3.28,10.48,7.307,10.38,0.001,0.888,17.24,83.1,1.855,327.8,877.5856,1.6
"2023-10-31 07:00:00",5724,81,30.65,18.36,42.1,0.001,1.84,17.03,82.5,1.709,343.5,877.764,7.3
"2023-10-31 07:10:00",5725,14.18,56.06,27.25,77.66,0.002,3.039,17.39,80.3,1.551,343.8,877.8835,11.4
"2023-10-31 07:20:00",5726,371.2,88,35.87,119.7,0.004,4.462,17.43,81.4,2.009,334.2,877.9637,0
"2023-10-31 07:30:00",5727,1562,135.2,42.97,172.9,0.005,6.125,17.88,74.72,2.503,188.3,878.0614,32.7
"2023-10-31 07:40:00",5728,4190,166.4,48.54,223.8,0.007,7.988,18.99,73.05,2.336,297.2,878.1081,0.2
"2023-10-31 07:50:00",5729,512.6,206.4,53.92,270.2,0.01,9.79,19.59,69.99,1.87,267.3,878.25,0
"2023-10-31 08:00:00",5730,556.7,246.3,58.58,315.4,0.013,12.03,20.39,66.79,1.268,244.2,878.3685,0
"2023-10-31 08:10:00",5731,590.7,288.9,65.24,363.6,0.017,14.24,20.74,66.03,1.484,201.1,878.4984,0
"2023-10-31 08:20:00",5732,626,335.7,74.1,416.4,0.022,16.51,21.39,61.54,1.938,157.6,878.5804,0
"2023-10-31 08:30:00",5733,641.1,391.8,94.9,479.6,0.027,19.38,21.72,60.9,1.941,149.6,878.6517,0
"2023-10-31 08:40:00",5734,653.1,460.5,128.1,553.2,0.034,22.4,21.95,61.97,2.65,159.2,878.7025,0
"2023-10-31 08:50:00",5735,675.5,482.2,115.7,577.9,0.04,24.35,22.02,60.06,1.926,165.6,878.6952,0
"2023-10-31 09:00:00",5736,366.5,302.4,81.6,358.3,0.04,21.37,22.03,59.43,1.739,179.7,878.6517,0
"2023-10-31 09:10:00",5737,719,507.7,73.21,612.2,0.052,27.97,23.03,57.49,1.127,327.2,878.6423,0
"2023-10-31 09:20:00",5738,734.4,545.5,85.1,651.7,0.06,30.23,22.99,62.32,2.264,179.9,878.6935,0
"2023-10-31 09:30:00",5739,744.2,577.2,86.9,686.5,0.067,32.27,22.12,59.62,2.029,169.8,878.8124,0
"2023-10-31 09:40:00",5740,752.1,605.3,89.3,716.7,0.075,34.33,23.27,56.85,1.411,248.4,878.8172,0
"2023-10-31 09:50:00",5741,765.9,639.1,90.5,751.9,0.083,36.61,23.55,59.93,1.705,231.8,878.8019,0
"2023-10-31 10:00:00",5742,779.6,671.3,91.2,787.2,0.091,38.74,23.14,58.68,1.505,64.42,878.735,0
"2023-10-31 10:10:00",5743,786.1,696.8,91.7,813,0.1,40.85,23.35,56.66,1.76,234.9,878.6444,0
"2023-10-31 10:20:00",5744,799.3,726.5,92.2,845,0.108,42.69,23.12,58.49,1.74,295.7,878.5329,0
"2023-10-31 10:30:00",5745,792.2,735.5,91.3,854,0.114,43.83,24.18,55.48,1.176,242.9,878.3701,0
"2023-10-31 10:40:00",5746,752.4,729.6,92.8,842,0.119,43.91,24.18,57.66,2.731,174.1,878.368,0
"2023-10-31 10:50:00",5747,820,799.5,99.8,921,0.131,47.67,24.42,53.97,1.694,45.44,878.2957,0
"2023-10-31 11:00:00",5748,802,800,100.6,919,0.136,48.17,25.03,54.44,2.847,0,878.0687,0
"2023-10-31 11:10:00",5749,828,838,104.5,959,0.145,50.34,24.74,53.75,2.288,0,877.8928,0
"2023-10-31 11:20:00",5750,791,824,107.3,940,0.147,50.1,24.59,54.12,2.647,0,877.6958,0
"2023-10-31 11:30:00",5751,813,849,106.2,966,0.153,51.6,24.55,55.41,2.482,200.3,877.4717,0
"2023-10-31 11:40:00",5752,832,867,104.9,986,0.157,52.9,24.85,50.5,1.351,171.1,877.3058,0
"2023-10-31 11:50:00",5753,845,882,101.7,999,0.161,53.69,25.48,51.77,2.117,0,877.1481,0
"2023-10-31 12:00:00",5754,842,885,100.8,1004,0.162,53.82,25.15,49.96,2.143,189.9,877.0267,0
"2023-10-31 12:10:00",5755,840,887,102.9,1007,0.163,54.06,25.92,50.4,2.444,269.1,876.7855,0
"2023-10-31 12:20:00",5756,839,892,104.5,1011,0.165,54.31,25.79,50.34,2.438,69.88,876.5449,0
"2023-10-31 12:30:00",5757,834,890,107.2,1010,0.164,54.1,25.69,50.52,2.586,257.6,876.313,0
"2023-10-31 12:40:00",5758,804,864,109.9,982,0.16,53,25.98,47.7,1.518,56.09,876.1715,0
"2023-10-31 12:50:00",5759,814,871,111.5,990,0.159,53.01,27.14,46.85,1.781,0.069,875.9063,0
"2023-10-31 13:00:00",5760,792.5,851,113.4,966,0.155,51.9,27.3,44.9,1.64,0,875.6277,0
"2023-10-31 13:10:00",5761,773.1,827,112.6,940,0.151,50.95,27.89,44.33,1.837,0,875.4269,0
"2023-10-31 13:20:00",5762,779.7,821,109.1,933,0.148,50.43,27.7,45.32,1.763,54.43,875.2775,0
"2023-10-31 13:30:00",5763,792.5,814,102.7,928,0.145,49.94,28.06,44.03,1.635,118.2,875.0764,0
"2023-10-31 13:40:00",5764,838,836,100.6,954,0.143,50.48,28.3,43.25,2.18,122.2,874.8587,0
"2023-10-31 13:50:00",5765,830,815,99,933,0.136,48.99,28.11,43.69,2.214,153.1,874.7118,0
"2023-10-31 14:00:00",5766,812,806,112.8,922,0.13,47.72,28.23,43.34,1.907,129.6,874.5272,0
"2023-10-31 14:10:00",5767,816,787.6,103.9,904,0.123,46.37,28.02,44.35,2.494,183,874.3232,0
"2023-10-31 14:20:00",5768,817,776,118.3,886,0.117,45.44,28.1,41.19,1.42,83.4,874.2441,0
"2023-10-31 14:30:00",5769,611.2,667.3,155.4,756.7,0.103,40.66,29.39,41.29,0.828,51.19,874.1229,0
"2023-10-31 14:40:00",5770,493.3,578.6,144.2,668.1,0.09,36.31,28.64,43.6,2.795,178.8,873.9545,0
"2023-10-31 14:50:00",5771,670.2,625.9,116.8,726.2,0.087,37.09,28.51,43.89,2.748,157.1,873.8506,0
"2023-10-31 15:00:00",5772,730.5,629.6,108,737.8,0.08,35.91,28.5,41.5,2.979,168.1,873.745,0
"2023-10-31 15:10:00",5773,533.2,483.4,107.2,568.8,0.067,30.63,28.6,42.02,2.001,152.6,873.6769,0
"2023-10-31 15:20:00",5774,693.9,554,102.4,657.7,0.063,30.92,28.94,40.51,1.907,154,873.6295,0
"2023-10-31 15:30:00",5775,668.5,514.8,99.4,612.6,0.055,28.3,29.4,40.46,2.354,159.6,873.5457,0
"2023-10-31 15:40:00",5776,665.9,488.9,98.9,585.1,0.048,26.58,29.19,40.55,1.68,217.9,873.4038,0
"2023-10-31 15:50:00",5777,646.5,457.9,101.2,550,0.042,24.5,29.64,41.38,1.934,251.9,873.3048,0
"2023-10-31 16:00:00",5778,584.3,408.7,102.5,492.3,0.034,21.32,28.72,40.76,1.98,169.9,873.2682,0
"2023-10-31 16:10:00",5779,539.2,367.7,104.1,445.8,0.028,18.87,29.45,38.16,1.525,111.2,873.2736,0
"2023-10-31 16:20:00",5780,509.4,333.1,101.6,405.9,0.023,16.69,29.91,39.1,1.13,105.3,873.2295,0
"2023-10-31 16:30:00",5781,449,289.2,98.6,351.6,0.018,14.14,29.9,39.75,1.715,173.8,873.2064,0
"2023-10-31 16:40:00",5782,380.7,244.3,94.2,297.6,0.014,11.73,28.88,40.26,1.784,221.2,873.292,0
"2023-10-31 16:50:00",5783,55.6,120.3,83,133.7,0.01,8.83,28.3,41.41,2.032,264.5,873.3444,0
"2023-10-31 17:00:00",5784,23.25,98.9,76.76,104.7,0.007,6.911,28.18,42.08,1.351,256.2,873.411,0
"2023-10-31 17:10:00",5785,0.422,81.7,68.01,82,0.005,5.43,27.62,42.11,2.144,280,873.5028,0
"2023-10-31 17:20:00",5786,0.009,62.72,52.54,61.52,0.004,4.181,27.5,42.99,1.41,291.3,873.5581,0
"2023-10-31 17:30:00",5787,0.128,47.93,40.55,45.83,0.003,3.283,27.23,43.9,1.506,278,873.5374,0
"2023-10-31 17:40:00",5788,3.003,25.21,20.26,24.23,0.002,2.22,27.05,43.75,1.74,262.3,873.6454,0
"2023-10-31 17:50:00",5789,9.62,10.89,7.413,10.81,0.001,1.314,26.73,45.88,1.72,295.8,873.7125,0
"2023-10-31 18:00:00",5790,0,4.921,2.881,3.482,0.001,0.653,26.44,46.55,1.441,301.7,873.7551,0
"2023-10-31 18:10:00",5791,0,0.73,0.061,0.04,0,0.215,26.18,50.14,1.954,313.6,873.7428,0
"2023-10-31 18:20:00",5792,0,0,0,0,0,0.038,25.3,56.29,2.559,323.2,873.8131,0
"2023-10-31 18:30:00",5793,0,0,0,0,0,0.001,24.34,60.23,2.933,328.7,873.8541,0
"2023-10-31 18:40:00",5794,0,0,0,0,0,0,23.87,61.49,3.697,326.7,873.8758,0
"2023-10-31 18:50:00",5795,0,0,0,0,0,0,23.86,60.39,3.811,322.5,873.9691,0
"2023-10-31 19:00:00",5796,0,0,0,0,0,0,23.73,62.92,3.556,321,874.0384,0
