"TIMESTAMP","RECORD","I_dir_Avg","I_glo_Avg","I_dif_Avg","I_glo_inc_Avg","I_uv_Avg","I_UVA_Avg","AirTC_Avg","RH","WS_ms_Avg","WindDir","CS106_PB_Avg","Rain_mm_Tot"
"2023-05-31 19:00:00",0,10.85,9.46,7.205,6.575,0,0.354,27.75,60.46,0,344.7,641.4001,0
"2023-05-31 19:10:00",1,1.209,8.28,6.596,5.335,0,0.154,27.52,60.98,0,325.8,641.4002,0
"2023-05-31 19:20:00",2,3.795,0.937,0.305,0,0,0.036,27.48,60.98,0,325,641.3995,0
"2023-05-31 19:30:00",3,4.217,0,0,0,0,0.001,27.27,61.18,0,324.9,641.4,0
"2023-05-31 19:40:00",4,3.655,0,0,0,0,0.001,27.14,61.51,0,328.3,641.4001,0
"2023-05-31 19:50:00",5,5.9,0,0,0,0,0.001,26.97,61.01,0,306.1,641.4,0
"2023-05-31 20:00:00",6,8.99,0,0,0,0,0.001,27.02,60.84,0,341.5,641.4002,0
"2023-05-31 20:10:00",7,11.79,0,0,0,0,0,26.84,61.32,0,329.4,641.4001,0
"2023-05-31 20:20:00",8,11.35,0,0,0,0,0.001,26.71,61.42,0,339.5,641.4003,0
"2023-05-31 20:30:00",9,4.474,0,0,0,0,0,26.62,61.9,0,16.99,641.3997,0
"2023-05-31 20:40:00",10,6.347,0,0,0,0,0,26.63,61.23,0,340,641.3999,0
"2023-05-31 20:50:00",11,9.44,0,0,0,0,0.001,26.57,60.67,0,293.6,641.3998,0
"2023-05-31 21:00:00",12,8.75,0,0,0,0,0.001,26.57,61.26,0,317.5,641.4,0
"2023-05-31 21:10:00",13,9.78,0,0,0,0,0,26.33,62.97,0,4.002,641.4001,0
"2023-05-31 21:20:00",14,0,0,0,0,0,0,25.78,65.26,0,316.5,641.3996,0
"2023-05-31 21:30:00",15,0.228,0,0,0,0,0.001,25.56,64.05,0,327.5,641.3999,0
"2023-05-31 21:40:00",16,4.398,0,0,0,0,0,25.42,65.4,0,332.5,641.4003,0
"2023-05-31 21:50:00",17,0,0,0,0,0,0,25.21,65.08,0,336.5,641.3997,0
"2023-06-01 07:40:00",18,1823,1626,1400,763,-0.089,43.16,24.17,71.04,0,58.93,641.4007,0
"2023-06-01 07:50:00",19,0,0,0,0,-0.1,0,25.24,67.78,0,107.9,641.4006,0
"2023-06-01 08:00:00",20,0,0,0,0,-0.1,0,25.63,66.41,0,57.63,641.4005,0
"2023-06-01 08:10:00",21,0,0,0,0,-0.1,0,26.57,64.62,0,171.8,641.4,0
"2023-06-01 08:20:00",22,0,0,0,0,-0.1,0,26.46,65.57,0,150.4,641.4004,0
"2023-06-01 08:30:00",23,0,0,0,0,-0.1,0,25.73,65.57,0,134.5,641.4005,0
"2023-06-01 08:40:00",24,0,0,0,0,-0.1,0,26.68,62.98,0,6.071,641.4006,0
"2023-06-01 08:50:00",25,0,0,0,0,-0.1,0,27.19,62.99,0,87,641.4006,0
"2023-06-01 09:00:00",26,0,0,0,0,-0.1,0,27.04,62.66,0,178.2,641.4008,0
"2023-06-01 09:10:00",27,0,0,0,0,-0.1,0,27.21,61.62,0,158.9,641.4006,0
"2023-06-01 09:20:00",28,0,0,0,0,-0.1,0,27.02,60.23,0,173.2,641.4005,0
"2023-06-01 09:30:00",29,0,0,0,0,-0.1,0,27.77,58.55,0,176.7,641.4003,0
"2023-06-01 09:40:00",30,0,0,0,0,-0.1,0,28.16,58.97,0,128.4,641.4011,0
"2023-06-01 09:50:00",31,0,0,0,0,-0.1,0,27.46,60.66,0,151.8,641.4003,0
"2023-06-01 10:00:00",32,0,0,0,0,-0.1,0,27.61,59.71,0,160.2,641.4005,0
"2023-06-01 10:10:00",33,0,0,0,0,-0.1,0,27.86,59.85,0,131.9,641.4005,0
"2023-06-01 10:20:00",34,0,0,0,0,-0.1,0,27.86,61.58,0,157.9,641.4005,0
"2023-06-01 10:30:00",35,0,0,0,0,-0.1,0,28.31,58.55,0,200.4,641.4003,0
"2023-06-01 10:40:00",36,0,0,0,0,-0.1,0,27.49,58.37,0,213.7,641.4004,0
"2023-06-01 10:50:00",37,0,0,0,0,-0.1,0,28.35,56.18,0,128.4,641.4005,0
"2023-06-01 11:00:00",38,0,0,0,0,-0.1,0,28.42,57.03,0,89.5,641.4005,0
"2023-06-01 11:10:00",0,0,0,0,0,-0.1,0,29.65,52.53,0,207,641.4003,0
"2023-06-01 11:20:00",1,0,0,0,0,-0.1,0,29.95,51.81,0,232.9,641.4001,0
"2023-06-01 11:30:00",2,0,0,0,0,-0.1,0,29.72,50.92,0,158.6,641.4005,0
"2023-06-01 11:40:00",3,0,0,0,0,-0.1,0,29.33,50.91,0,29.9,641.4006,0
"2023-06-01 11:50:00",4,0,0,0,0,-0.1,0,29.52,50.64,0,102.6,641.3997,0
"2023-06-01 12:00:00",5,0,0,0,0,-0.1,0,30.12,50.04,0,72.44,641.4003,0
"2023-06-01 12:10:00",0,0,0,0,0,-0.306,0,30.17,48.88,0,129.3,641.4004,0
"2023-06-01 12:20:00",1,0,0,0,0,-0.314,0,30.69,47.28,0,48.86,641.4002,0
"2023-06-01 12:30:00",2,0,0,0,0,-0.344,0,31.32,46.12,0,121.2,641.4003,0
"2023-06-01 12:40:00",3,602.9,931,258.3,828,0.199,56.65,31.44,45.84,1.825,47.25,996.5848,0
"2023-06-01 12:50:00",4,686.8,1016,264.4,902,0.209,60.12,31.8,45.3,2.209,164.4,1016.061,0
"2023-06-01 13:00:00",5,676.1,1004,264.4,894,0.205,59.24,31.18,46.18,2.768,154.6,1015.915,0
"2023-06-01 13:10:00",6,657.1,1013,297.9,897,0.202,58.69,31.72,42.11,1.468,57.96,1015.787,0
"2023-06-01 13:20:00",7,651.8,1012,303.1,895,0.198,58.31,32.77,41.98,1.916,99.4,1015.608,0
"2023-06-01 13:30:00",8,553.8,952,327,845,0.179,53.17,32.23,41.93,1.184,313.3,1015.456,0
"2023-06-01 13:40:00",9,299.9,677.9,308.8,601.1,0.147,42.92,31.64,45.05,2.155,72.7,1015.293,0
"2023-06-01 13:50:00",10,222,613.9,320.7,547.5,0.135,39.52,31.75,43.33,2.166,115.1,1015.153,0
"2023-06-01 14:00:00",11,323.1,713.8,325.2,637.3,0.151,45.49,32.05,43.3,1.865,136.5,1015.087,0
"2023-06-01 14:10:00",12,336.4,701.5,314.7,624.1,0.139,43.12,32.79,40.73,2.406,167.9,1014.963,0
"2023-06-01 14:20:00",13,3.226,328.9,273.9,291.8,0.087,26.47,32.27,40.7,1.95,16.82,1014.89,0
"2023-06-01 14:30:00",14,9,364.7,297.3,335.8,0.084,26.56,32.45,41.4,1.869,247.1,1014.771,0
"2023-06-01 14:40:00",15,243.4,614.2,325.6,557.6,0.104,34.77,32.22,41.09,3.072,235.6,1014.625,0
"2023-06-01 14:50:00",16,224.2,580.3,322.6,522.8,0.106,35.94,32.33,40.99,2.803,155.5,1014.471,0
"2023-06-01 15:00:00",17,402.1,728.7,325.9,649.8,0.113,40.28,32.61,40.88,3.366,153.5,1014.344,0
"2023-06-01 15:10:00",18,487.7,756.9,303.7,685,0.105,38.99,32.74,39.13,1.805,53.22,1014.23,0
"2023-06-01 15:20:00",19,307.8,558.5,265.5,500.1,0.087,32.61,33.49,40.11,1.469,160.2,1014.09,0
"2023-06-01 15:30:00",20,275.6,499.3,241.1,459.5,0.071,27.46,33.23,40.36,1.982,155.9,1013.987,0
"2023-06-01 15:40:00",21,0,116.9,99.7,116.2,0.024,9.52,32.46,41.88,1.864,153.3,1013.91,0
"2023-06-01 15:50:00",22,0,90.9,78.36,86.8,0.018,7.503,32.1,41.88,1.507,101.3,1013.801,0
"2023-06-01 16:00:00",23,0.083,123.5,106.6,115.4,0.023,9.77,31.95,42.08,1.924,273.1,1013.619,0
"2023-06-01 16:10:00",24,0.749,167.6,145.1,150.1,0.027,12.27,31.91,41.92,1.158,174.6,1013.692,0
"2023-06-01 16:20:00",25,14,176.9,147.4,165,0.026,11.98,32.18,42.75,0.917,139.2,1013.784,0
"2023-06-01 16:30:00",26,5.402,150.1,127,143.7,0.022,11.01,32.23,41.28,1.754,158.5,1013.563,0
"2023-06-01 16:40:00",27,16.57,146.5,125.9,139.3,0.02,10.55,32.15,41.25,1.316,240,1013.481,0
"2023-06-01 16:50:00",28,2.952,142.8,123.7,134.9,0.019,10.23,32.08,45.04,0.911,328.9,1013.492,0
"2023-06-01 17:00:00",29,12.4,151.2,130.7,135.9,0.018,10.66,31.11,46.03,2.286,315.1,1013.312,0
"2023-06-01 17:10:00",30,224.5,305.1,180.8,255.1,0.021,14.01,31.12,46.28,2.93,308,1013.213,0
"2023-06-01 17:20:00",31,282.1,342.2,201.5,286.9,0.019,13.96,31.55,45.01,2.396,323.7,1013.359,0
"2023-06-01 17:30:00",32,28.81,194.8,158.8,168.8,0.014,10.97,31.69,45.91,1.453,62.5,1013.417,0
"2023-06-01 17:40:00",33,64.89,164,126.7,143,0.01,8.49,31.72,43.83,1.125,60.77,1013.477,0
"2023-06-01 17:50:00",34,25.18,107.1,85.1,91.7,0.007,6.357,31.89,43.66,0.381,23.76,1013.484,0
"2023-06-01 18:00:00",35,13.02,69.34,57.79,62.46,0.005,4.564,31.72,42.88,0.945,14.45,1013.539,0
"2023-06-01 18:10:00",36,13.44,38.23,32.42,32.67,0.003,2.93,31.66,43.38,0.169,40.31,1013.54,0
"2023-06-01 18:20:00",37,6.925,33.24,27.92,27.42,0.002,2.179,31.44,44.17,0.459,33.99,1013.618,0
"2023-06-01 18:30:00",38,29.08,41.03,33.97,34.03,0.001,1.617,31.39,43.84,1.354,17.63,1013.734,0
"2023-06-01 18:40:00",39,25.27,49.6,34.14,43.32,0.001,1.366,30.03,64.88,0.98,344.4,1013.902,0
"2023-06-01 18:50:00",40,23.25,29.25,22.16,29.46,0.001,0.727,28.05,64.76,1.381,350.2,1013.987,0
"2023-06-01 19:00:00",41,0.395,34.84,29.47,33.92,0.001,0.535,27.52,71.91,1.455,321.3,987.848,0
"2023-06-01 19:10:00",42,0.228,28.39,24.34,29.27,0,0.353,27.45,68.08,1.538,54.75,1014.062,0
"2023-06-01 19:20:00",43,0.393,6.057,5.673,8.13,0,0.117,28.54,59.87,1.531,41.25,1014.14,0
"2023-06-01 19:30:00",44,0.175,0,0.021,0.412,0,0.02,29.05,62.72,1.201,351.3,1014.187,0
"2023-06-01 19:40:00",45,0.04,0,0,0,0,0.002,28.67,66.82,1.421,338,1014.131,0
"2023-06-01 19:50:00",46,0.026,0,0,0,0,0.001,28.25,61.65,1.461,33.11,1014.368,0
"2023-06-01 20:00:00",47,0.047,0,0,0,0,0,28.19,65.53,1.106,32.68,1014.556,0
"2023-06-01 20:10:00",48,0.049,0,0,0,0,0.001,28.02,66.55,1.574,0.154,1014.685,0
"2023-06-01 20:20:00",49,0,0,0,0,0,0,27.6,67.04,0.963,5.749,1014.747,0
"2023-06-01 20:30:00",50,0,0,0,0,0,0,27.43,67.54,1.158,325.8,1014.941,0
"2023-06-01 20:40:00",51,0,0,0,0,0,0,26.99,72.17,1.626,338.1,1015.078,0
"2023-06-01 20:50:00",52,0.008,0,0,0,0,0,26.78,70,1.31,345.9,1015.301,0
"2023-06-01 21:00:00",53,0.018,0.047,0,0.002,0,0,26.8,70.33,1.191,309.6,1015.494,0
"2023-06-01 21:10:00",54,0,1.634,0,0,0,0,26.44,76.02,0.528,26.63,1015.667,0
"2023-06-01 21:20:00",55,0.154,0,0,2.086,0,0,26.07,76.31,0.07,137.9,1015.704,0
"2023-06-01 21:30:00",56,0.405,0,0,2.593,0,0,26.15,78.74,0.724,0.149,1015.937,0
"2023-06-01 21:40:00",57,0.124,0,0,2.861,0,0,25.67,77.68,0.551,300.6,1016.133,0
"2023-06-01 21:50:00",58,0.14,0,0,3.93,0,0,25.74,69.1,1.396,305.3,1016.231,0
"2023-06-01 22:00:00",59,0.226,0,0,3.537,0,0,26.52,63.88,1.876,326.8,1016.348,0
"2023-06-01 22:10:00",60,0.04,0,0,0.93,0,0,26.35,65.65,1.441,322.3,1016.474,0
"2023-06-01 22:20:00",61,0.022,0,0,0.123,0,0,25.85,70.8,1.779,330.3,1016.483,0
"2023-06-01 22:30:00",62,0.008,0,0,0,0,0,25.14,69.61,2.299,349.4,1016.375,0
"2023-06-01 22:40:00",63,0.004,0,0,0,0,0,24.96,71.03,1.97,338.6,1016.307,0
"2023-06-01 22:50:00",64,0.018,0,0,0,0,0,25.16,68.79,1.744,333.9,1016.329,0
"2023-06-01 23:00:00",65,0.017,0,0,0,0,0,25.09,70.76,1.926,4.451,1016.349,0
"2023-06-01 23:10:00",66,0.08,0,0,0,0,0,25.34,67.85,1.819,347.2,1016.271,0
"2023-06-01 23:20:00",67,0.066,0,0,0,0,0,25.32,68.86,1.963,342.7,1016.245,0
"2023-06-01 23:30:00",68,0.038,0,0,0,0,0,25.32,67.25,1.861,11.86,1016.202,0
"2023-06-01 23:40:00",69,0.004,0,0,0,0,0,25.39,67.11,1.099,346.4,1016.144,0
"2023-06-01 23:50:00",70,0,0,0,0,0,0,25.16,67.79,0.175,335.6,1016.152,0
"2023-06-02 00:00:00",71,0,0,0,0,0,0,24.82,70.04,0,188.9,1016.096,0
"2023-06-02 00:10:00",72,0.032,0,0,0.001,0,0,24.58,66.85,0.318,278.6,1015.96,0
"2023-06-02 00:20:00",73,0.088,0,0,0,0,0,24.98,63.72,1.124,296.9,1015.861,0
"2023-06-02 00:30:00",74,0.037,0,0,0,0,0,24.85,65.47,1.229,284.2,1015.778,0
"2023-06-02 00:40:00",75,0,0,0,0,0,0,24.42,66.28,0.99,307.5,1015.751,0
"2023-06-02 00:50:00",76,0.006,0,0,0,0,0,24.27,66.05,1.53,328.9,1015.67,0
"2023-06-02 01:00:00",77,0,0,0,0,0,0,24.07,67.13,1.46,338.8,1015.616,0
"2023-06-02 01:10:00",78,0,0,0,0,0,0,23.73,68.53,1.756,341.8,1015.57,0
"2023-06-02 01:20:00",79,0.001,0,0,0,0,0,23.51,69.47,2.004,342.1,1015.5,0
"2023-06-02 01:30:00",80,0,0,0,0,0,0,23.33,67.48,1.744,322,1015.47,0
"2023-06-02 01:40:00",81,0.026,0,0,0,0,0,23.58,68.25,1.564,323.6,1015.468,0
"2023-06-02 01:50:00",82,0.015,0,0,0,0,0,23.38,69.38,1.619,341.3,1015.422,0
"2023-06-02 02:00:00",83,0.065,0,0,0,0,0,23.36,65.21,1.82,324.2,1015.344,0
"2023-06-02 02:10:00",84,0.004,0,0,0,0,0,23.21,65.97,1.291,329.3,1015.276,0
"2023-06-02 02:20:00",85,0.022,0,0,0,0,0,23.43,63.81,1.303,322.3,1015.231,0
"2023-06-02 02:30:00",86,0.003,0,0,0,0,0,23.06,67.18,1.704,332,1015.175,0
"2023-06-02 02:40:00",87,0,0,0,0,0,0,22.6,72.78,1.527,340.1,1015.14,0
"2023-06-02 02:50:00",88,0,0,0,0,0,0,22.1,72.69,1.54,342.6,1015.093,0
"2023-06-02 03:00:00",89,0.012,0,0,0,0,0,22.21,72.12,1.7,333.7,1015.053,0
"2023-06-02 03:10:00",90,0.046,0,0,0,0,0,22.3,69.14,1.749,321,1015.042,0
"2023-06-02 03:20:00",91,0.051,0,0,0,0,0,22.59,73.87,1.433,336.9,1015.055,0
"2023-06-02 03:30:00",92,0.055,0,0,0,0,0,22.18,70.64,1.421,347.8,1015.136,0
"2023-06-02 03:40:00",93,0.002,0,0,0,0,0,21.96,74.29,1.561,337.3,1015.196,0
"2023-06-02 03:50:00",94,0.072,0,0,0,0,0,21.9,71.76,2.246,341,1015.243,0
"2023-06-02 04:00:00",95,0.081,0,0,0,0,0,22.2,70.55,2.274,333.1,1015.323,0
"2023-06-02 04:10:00",96,0.052,0,0,0,0,0,22.35,70.27,2.093,335.6,1015.366,0
"2023-06-02 04:20:00",97,0.054,0,0,0,0,0,22.52,70.15,2.075,334.5,1015.457,0
"2023-06-02 04:30:00",98,0.004,0,0,0,0,0,22.21,73.17,2.429,337.9,1015.508,0
"2023-06-02 04:40:00",99,0,0,0,0,0,0,21.65,73.93,2.329,331.6,1015.615,0
"2023-06-02 04:50:00",100,0.005,0,0,0,0,0,21.76,71.96,2.143,331.5,1015.627,0
"2023-06-02 05:00:00",101,0.022,0,0,0,0,0,21.85,73.29,2.221,338,1015.639,0
"2023-06-02 05:10:00",102,0,0,0,0,0,0,21.47,75.29,2.256,336.8,1015.65,0
"2023-06-02 05:20:00",103,0,0,0,0,0,0,21.32,76.23,1.931,345.4,1015.708,0
"2023-06-02 05:30:00",104,0,0,0,0,0,0,21.37,76.09,1.096,319.3,1015.805,0
"2023-06-02 05:40:00",105,0.09,0,0,0,0,0.003,21.59,73.57,0.828,312.3,1015.938,0
"2023-06-02 05:50:00",106,0.022,0,0,0,0,0.033,21.11,76.66,1.586,323.7,1016.04,0
"2023-06-02 06:00:00",107,0.032,0.897,0.547,0.317,0,0.18,21.04,76.82,1.657,333.9,1016.108,0
"2023-06-02 06:10:00",108,0.019,6.83,5.149,4.961,0.001,0.559,20.78,78.52,1.88,335.9,1016.214,0
"2023-06-02 06:20:00",109,15.32,18.76,14.51,15.03,0.001,1.171,20.73,78.17,1.841,21.63,1016.325,0
"2023-06-02 06:30:00",110,45,36.55,26.73,27.93,0.002,1.942,20.75,78.23,1.556,346.6,1016.451,0
"2023-06-02 06:40:00",111,70.75,61.19,43.12,45.73,0.002,2.886,20.82,79.06,1.513,346,1016.502,0
"2023-06-02 06:50:00",112,101.8,87.4,58.89,66.28,0.003,3.968,21.09,76.94,0.761,3.102,1016.555,0
"2023-06-02 07:00:00",113,112.1,108.2,71.67,84.7,0.005,5.137,21.92,74.03,0.116,321.6,1016.665,0
"2023-06-02 07:10:00",114,77.17,112.6,78.78,94.6,0.006,6.367,22.43,73.88,0.056,327.4,1016.733,0
"2023-06-02 07:20:00",115,49.48,112.4,80.8,97.2,0.008,7.325,22.5,72.99,0.894,324.6,1016.776,0
"2023-06-02 07:30:00",116,237.3,192.9,96.1,153.4,0.011,8.95,22.75,70.97,1.439,312.9,1016.825,0
"2023-06-02 07:40:00",117,338.5,251.2,109.2,197.8,0.015,11.39,23.49,66.04,1.509,328.5,1016.805,0
"2023-06-02 07:50:00",118,377.2,283.5,112.9,222.8,0.018,13.23,24.19,65.02,0.844,350.6,1016.804,0
"2023-06-02 08:00:00",119,402.2,318.7,122.1,251.6,0.023,15.2,25.1,60.84,0.12,309.6,1016.871,0
"2023-06-02 08:10:00",120,429.5,358.9,133.9,285.9,0.028,17.34,26.49,54.01,0.034,43.32,1016.925,0
"2023-06-02 08:20:00",121,439.2,399.2,150.5,321.4,0.034,19.47,28.14,52.66,0.515,192.6,1016.936,0
"2023-06-02 08:30:00",122,454.3,447.8,167.4,368.2,0.04,21.8,28.07,56.61,1.323,146.4,1017.022,0
"2023-06-02 08:40:00",123,467.9,484.5,179.2,408.9,0.046,23.76,27.1,58.37,1.891,150.9,1017.096,0
"2023-06-02 08:50:00",124,459.9,506.8,187.6,435,0.054,25.83,26.75,60.58,2.545,185.7,1017.156,0
"2023-06-02 09:00:00",125,537.3,555.4,176.2,478.8,0.062,28.46,26.5,61.14,2.386,185.3,1017.211,0
"2023-06-02 09:10:00",126,561.6,581.6,170.2,502.7,0.07,30.49,26.49,58.88,1.831,139.6,1017.215,0
"2023-06-02 09:20:00",127,591.3,618.1,170,539.3,0.08,32.91,27.28,55.9,1.293,164.9,1017.16,0
"2023-06-02 09:30:00",128,609.5,652.7,173.5,570.9,0.089,35.18,27.73,54.87,1.131,169.6,1017.161,0
"2023-06-02 09:40:00",129,624.8,685,176.4,601.9,0.099,37.37,28.1,54.83,1.155,107.1,1017.124,0
"2023-06-02 09:50:00",130,639.6,717.9,178.9,634.4,0.108,39.51,28.16,54.98,1.454,252.3,1017.047,0
"2023-06-02 10:00:00",131,653,747.6,180.8,661.7,0.118,41.51,27.75,56.07,1.259,156.2,1016.958,0
"2023-06-02 10:10:00",132,661,776.3,184.3,689.2,0.127,43.32,27.77,56.05,2.209,137.7,1016.886,0
"2023-06-02 10:20:00",133,673.9,806,187,717.9,0.137,45.36,28.31,56.87,2.005,140,1016.794,0
"2023-06-02 10:30:00",134,677.2,830,191.3,741,0.145,46.84,28.19,58.23,2.367,192.1,1016.699,0
"2023-06-02 10:40:00",135,688,856,193.6,765.9,0.155,48.57,28.21,57.63,2.369,146.8,1016.58,0
"2023-06-02 10:50:00",136,688.9,875,197.4,784.8,0.162,49.86,28.61,56.53,2.49,183,1016.477,0
"2023-06-02 11:00:00",137,697.2,897,199.1,803,0.17,51.44,28.35,58.8,2.161,195.7,1016.433,0
"2023-06-02 11:10:00",138,715.2,922,197.2,828,0.179,53.28,28.78,55.06,2.576,189.3,1016.361,0
"2023-06-02 11:20:00",139,725.1,938,195.1,842,0.186,54.62,29.17,53.1,2.091,184.1,1016.253,0
"2023-06-02 11:30:00",140,734.9,953,193.1,854,0.193,55.86,29.38,54.34,1.815,152.7,1016.108,0
"2023-06-02 11:40:00",141,736.9,962,193.9,862,0.198,56.7,29.98,51.15,1.484,187.3,1015.953,0
"2023-06-02 11:50:00",142,735.7,971,196.5,869,0.202,57.26,30.45,48.05,1.782,145.6,1015.807,0
"2023-06-02 12:00:00",143,733.8,977,197.8,876,0.204,57.55,31.02,48.69,1.788,93.8,1015.617,0
"2023-06-02 12:10:00",144,732.7,985,200.3,882,0.207,58,31.09,46.58,1.84,40.02,1015.481,0
"2023-06-02 12:20:00",145,740.6,992,198.2,889,0.21,58.57,31.62,44.47,1.754,141,1015.247,0
"2023-06-02 12:30:00",146,750.2,1004,195.2,897,0.213,59.27,31,46.53,2.511,281,1015.051,0
"2023-06-02 12:40:00",147,766.9,1010,188.8,903,0.216,60.02,31.14,42.87,1.583,172.7,1014.857,0
"2023-06-02 12:50:00",148,768.4,1010,187.3,902,0.215,60.01,31.64,42.88,2.638,187.1,1014.68,0
"2023-06-02 13:00:00",149,765.6,1000,187.2,893,0.213,59.59,32.18,41.49,0.964,117,1014.568,0
"2023-06-02 13:10:00",150,760,995,187.9,887,0.209,59,32.49,40.18,2.611,167.1,1014.451,0
"2023-06-02 13:20:00",151,760.6,989,187.4,883,0.206,58.7,32.2,40.36,2.361,209.1,1014.277,0
"2023-06-02 13:30:00",152,752.5,975,189.1,872,0.201,57.71,32.18,38.26,2.114,137.7,1014.157,0
"2023-06-02 13:40:00",153,743.3,963,192.5,860,0.194,56.72,32.56,36.19,2.778,173.3,1013.982,0
"2023-06-02 13:50:00",154,730.5,945,194.9,843,0.186,55.31,33.1,35.3,2.188,164.6,1013.798,0
"2023-06-02 14:00:00",155,731.9,940,196.1,838,0.181,54.72,33.36,36.71,2.867,168.7,1013.64,0
"2023-06-02 14:10:00",156,699.3,907,204.2,808,0.168,52.09,32.92,34.58,2.564,219.5,1013.546,0
"2023-06-02 14:20:00",157,679.8,885,211.6,788.6,0.157,50.39,33.3,34.39,2.567,147.8,1013.304,0
"2023-06-02 14:30:00",158,650.2,858,221.8,762.8,0.145,48.06,33.54,33.62,2.21,277,1013.232,0
"2023-06-02 14:40:00",159,633.9,832,224.3,739.2,0.135,46.18,33.54,34.58,2.561,171.9,1013.073,0
"2023-06-02 14:50:00",160,606.7,793.5,225.6,705.2,0.124,43.59,33.8,33.12,1.671,156.9,1012.977,0
"2023-06-02 15:00:00",161,575.9,765.5,236.1,676.5,0.113,41.33,34.2,33.39,1.75,319.1,1012.872,0
"2023-06-02 15:10:00",162,573.4,759.3,248.1,666.6,0.106,40.39,34.7,32.64,1.32,48.93,1012.717,0
"2023-06-02 15:20:00",163,585.5,755.4,248.8,659,0.101,39.95,35.47,32.24,1.454,207.4,1012.502,0
"2023-06-02 15:30:00",164,557.6,704.1,232.7,616.1,0.091,37.15,35.08,33.78,1.889,248.5,1012.333,0
"2023-06-02 15:40:00",165,533.3,661.4,225.6,579.1,0.08,34.32,34.34,34.09,2.303,266.2,1012.131,0
"2023-06-02 15:50:00",166,524.9,636.5,224.6,554.5,0.071,31.83,34.3,30.78,1.526,80,1012.049,0
"2023-06-02 16:00:00",167,493.4,606.1,230.5,523.1,0.061,29.04,35.5,30.53,1.739,87.4,1011.981,0
"2023-06-02 16:10:00",168,475.8,593.1,243,505.6,0.057,28.34,36.06,29.2,0.874,201.7,1011.906,0
"2023-06-02 16:20:00",169,447.9,548.6,225.3,468,0.049,25.41,36.27,29.63,1.413,108.4,1011.759,0
"2023-06-02 16:30:00",170,404.6,495.1,209.7,423.3,0.038,21.49,36.06,30.75,1.826,68.18,1011.678,0
"2023-06-02 16:40:00",171,406.8,492.3,222.1,419.9,0.035,21.05,35.17,31.45,1.593,53.51,1011.623,0
"2023-06-02 16:50:00",172,401.5,487.7,233.8,412.5,0.033,21.01,34.74,31.06,1.894,51.93,1011.6,0
"2023-06-02 17:00:00",173,394.6,470.9,236.4,394.4,0.03,20.22,35,31.07,1.37,32.77,1011.589,0
"2023-06-02 17:10:00",174,363.1,402.1,206.9,329.5,0.025,17.77,35.74,29.86,0.549,325.3,1011.438,0
"2023-06-02 17:20:00",175,319.2,329.7,171.6,261,0.021,15.25,35.83,30.34,0.881,265,1011.381,0
"2023-06-02 17:30:00",176,315.7,280.6,137.6,218.9,0.017,13.16,36.04,29.52,1.009,103.6,1011.335,0
"2023-06-02 17:40:00",177,294.8,225.8,109,171.8,0.013,10.54,35.73,29.79,0.564,271.7,1011.336,0
"2023-06-02 17:50:00",178,259.5,183.4,91.9,135.5,0.01,8.72,35.61,31.11,0.953,145.1,1011.357,0
"2023-06-02 18:00:00",179,226.2,151.6,80.4,108.6,0.008,7.284,35.47,29.63,0.683,178.8,1011.402,0
"2023-06-02 18:10:00",180,197.5,122.7,68.6,85.1,0.006,5.975,35.83,30.49,0.198,17.47,1011.391,0
"2023-06-02 18:20:00",181,160.4,94.8,56.08,64.33,0.004,4.765,35.45,30.7,0.473,107.2,1011.373,0
"2023-06-02 18:30:00",182,125.1,71.99,45.65,47.32,0.003,3.655,34.69,32.9,0.275,58.43,1011.361,0
"2023-06-02 18:40:00",183,80.8,49.53,34.14,33.01,0.002,2.653,33.9,33.98,0.665,8.7,1011.268,0
"2023-06-02 18:50:00",184,41.87,30.15,22.21,20.83,0.001,1.764,33.5,36.15,0.532,32.97,1011.318,0
"2023-06-02 19:00:00",185,3.329,13.35,9.87,8.54,0.001,1.011,33.27,36.59,0.014,30.18,1011.395,0
"2023-06-02 19:10:00",186,0,3.067,1.256,0.918,0.001,0.456,32.84,38.16,0,344.4,1011.511,0
"2023-06-02 19:20:00",187,0,0.002,0,0,0,0.136,32.35,41.21,0.288,340.7,1011.684,0
"2023-06-02 19:30:00",188,0,0,0,0,0,0.022,31.79,41.63,1.219,338.5,1011.795,0
"2023-06-02 19:40:00",189,0,0,0,0,0,0.002,31.53,41.62,1.354,333.9,1011.936,0
"2023-06-02 19:50:00",190,0,0,0,0,0,0.001,31.27,45.48,0.798,343.6,1012.058,0
"2023-06-02 20:00:00",191,0,0,0,0,0,0.001,30.85,44.68,0.884,334.4,1012.187,0
"2023-06-02 20:10:00",192,0,0,0,0,0,0.001,30.39,48.89,1.888,329.5,1012.359,0
"2023-06-02 20:20:00",193,0,0,0,0,0,0.001,29.82,48.91,0.769,84.6,1012.42,0
"2023-06-02 20:30:00",194,0.022,0,0,0,0,0.001,29.88,47.01,0.367,305.4,1012.517,0
"2023-06-02 20:40:00",195,0.022,0,0,0,0,0.001,30.25,47.82,0.505,314.8,1012.58,0
"2023-06-02 20:50:00",196,0.001,0,0,0,0,0.001,29.88,48.4,0.909,311.4,1012.696,0
"2023-06-02 21:00:00",197,0.04,0,0,0,0,0.001,29.6,48.36,1.735,342.2,1012.73,0
"2023-06-02 21:10:00",198,0.004,0,0,0,0,0.001,28.99,51.09,1.374,317.8,1012.863,0
"2023-06-02 21:20:00",199,0.007,0,0,0,0,0,28.82,52.67,1.547,321.3,1012.883,0
"2023-06-02 21:30:00",200,0,0,0,0,0,0.001,28.36,54.24,1.13,146.2,1012.969,0
"2023-06-02 21:40:00",201,0,0,0,0,0,0.001,28.36,53.69,0.069,270.1,1012.933,0
"2023-06-02 21:50:00",202,0.107,0,0,0,0,0,28.58,51.23,0.355,19.16,1012.988,0
"2023-06-02 22:00:00",203,0.051,0,0,0,0,0.001,28.79,49.75,0.314,291.9,1013.162,0
"2023-06-02 22:10:00",204,0.018,0,0,0,0,0,28.52,52.86,0.725,1.025,1013.406,0
"2023-06-02 22:20:00",205,0.053,0,0,0,0,0.001,28.05,52.63,0.501,69.35,1013.693,0
"2023-06-02 22:30:00",206,0.223,0,0,0,0,0.001,28.47,50.95,0.768,51.7,1014.071,0
"2023-06-02 22:40:00",207,0.034,0,0,0,0,0.001,28.57,51.16,0.549,74.56,1014.342,0
"2023-06-02 22:50:00",208,0.068,0,0,0,0,0,28.57,52.04,0.696,141.1,1014.409,0
"2023-06-02 23:00:00",209,0.078,0,0,0,0,0.001,28.39,52.23,1.576,142.2,1014.328,0
"2023-06-02 23:10:00",210,0.006,0,0,0,0,0.001,28.33,52.75,0.732,91.9,1014.372,0
"2023-06-02 23:20:00",211,0,0,0,0,0,0,28.02,55.3,0.684,78.34,1014.568,0
"2023-06-02 23:30:00",212,0,0,0,0,0,0,27.79,56.54,0.174,333.3,1014.641,0
"2023-06-02 23:40:00",213,0,0,0,0,0,0,27.47,58.05,0.684,331.1,1014.741,0
"2023-06-02 23:50:00",214,0.04,0,0,0,0,0,27.33,57.88,1.484,324,1014.848,0
"2023-06-03 00:00:00",215,0,0,0,0,0,0.001,27.03,59.45,0.872,220.6,1015.04,0
"2023-06-03 00:10:00",216,0.072,0,0,0,0,0.001,27.18,58.29,0.9,173.3,1014.906,0
"2023-06-03 00:20:00",217,0.111,0,0,0,0,0,27.35,57.82,2.361,181.2,1014.612,0
"2023-06-03 00:30:00",218,0.034,0,0,0,0,0,27.38,58.53,2.279,173.6,1014.51,0
"2023-06-03 00:40:00",219,0.002,0,0,0,0,0,27.32,58.38,1.615,91.4,1014.656,0
"2023-06-03 00:50:00",220,0,0,0,0,0,0,27.13,60.13,0.826,41.57,1014.807,0
"2023-06-03 01:00:00",221,0.001,0,0,0,0,0,26.95,59.38,0.901,338.9,1014.944,0
"2023-06-03 01:10:00",222,0,0,0,0,0,0,26.86,59.51,0.315,317.4,1014.884,0
"2023-06-03 01:20:00",223,0,0,0,0,0,0,26.48,61.08,1.172,52.02,1014.882,0
"2023-06-03 01:30:00",224,0,0,0,0,0,0,26.44,60.05,1.165,5.32,1014.871,0
"2023-06-03 01:40:00",225,0,0,0,0,0,0,26.19,62.75,1.075,24.61,1014.907,0
"2023-06-03 01:50:00",226,0,0,0,0,0,0,25.69,60.2,0.81,328.9,1014.773,0
"2023-06-03 02:00:00",227,0,0,0,0,0,0,25.45,61.22,1.038,0.365,1014.575,0
"2023-06-03 02:10:00",228,0,0,0,0,0,0,25.43,57.7,0.556,310.8,1014.534,0
"2023-06-03 02:20:00",229,0,0,0,0,0,0,25.53,61.02,0,114.7,1014.406,0
"2023-06-03 02:30:00",230,0,0,0,0,0,0,25.4,61.52,0,51.88,1014.294,0
"2023-06-03 02:40:00",231,0,0,0,0,0,0,25.21,61.17,0.038,30.75,1014.268,0
"2023-06-03 02:50:00",232,0.113,0,0,0,0,0,25.24,57.03,1.081,323,1014.223,0
"2023-06-03 03:00:00",233,0.056,0,0,0,0,0,25.46,59.75,0.95,336.3,1014.101,0
"2023-06-03 03:10:00",234,0,0,0,0,0,0,25.15,59.58,0.046,341.7,1014.045,0
"2023-06-03 03:20:00",235,0,0,0,0,0,0,24.82,61.1,0.369,66.85,1013.814,0
"2023-06-03 03:30:00",236,0.016,0,0,0,0,0,24.55,62.75,0.2,217.6,1013.776,0
"2023-06-03 03:40:00",237,0.012,0,0,0,0,0,24.66,62.28,0.306,251.6,1013.857,0
"2023-06-03 03:50:00",238,0.02,0,0,0,0,0,24.45,63.04,0.989,292.1,1013.777,0
"2023-06-03 04:00:00",239,0,0,0,0,0,0,24.09,64.92,1.375,332.8,1013.77,0
"2023-06-03 04:10:00",240,0,0,0,0,0,0,23.78,64.14,1.228,335.8,1013.847,0
"2023-06-03 04:20:00",241,0,0,0,0,0,0,23.86,64.69,0.674,334,1013.91,0
"2023-06-03 04:30:00",242,0,0,0,0,0,0,23.68,67.25,1.2,5.538,1013.968,0
"2023-06-03 04:40:00",243,0.001,0,0,0,0,0,23.33,69.79,0.259,95.5,1013.957,0
"2023-06-03 04:50:00",244,0.001,0,0,0,0,0,23.24,70.63,0,52.97,1014.06,0
"2023-06-03 05:00:00",245,0,0,0,0,0,0,22.93,70.37,0.323,331.1,1014.102,0
"2023-06-03 05:10:00",246,0.069,0,0,0,0,0,22.9,68.55,1.555,335.5,1014.166,0
"2023-06-03 05:20:00",247,0.038,0,0,0,0,0,22.96,66.95,1.784,330.8,1014.263,0
"2023-06-03 05:30:00",248,0.052,0,0,0,0,0,23.1,67.58,1.651,333.8,1014.27,0
"2023-06-03 05:40:00",249,0.023,0,0,0,0,0.003,23.02,68,1.901,332.8,1014.288,0
"2023-06-03 05:50:00",250,0.058,0,0,0,0,0.034,22.68,69.21,1.851,317.7,1014.388,0
"2023-06-03 06:00:00",251,0.029,0.681,0.395,0.127,0,0.185,22.82,69.65,1.319,318.9,1014.537,0
"2023-06-03 06:10:00",252,0.283,6.415,4.647,4.011,0.001,0.57,22.49,71.78,1.486,304,1014.64,0
"2023-06-03 06:20:00",253,27.65,19.11,13.79,14.13,0.001,1.202,21.98,71.55,1.738,340.6,1014.746,0
"2023-06-03 06:30:00",254,72.56,37.02,24.75,26.32,0.002,2.03,21.93,66.5,1.726,323.9,1014.834,0
"2023-06-03 06:40:00",255,125.2,59.94,36.03,39.04,0.002,3.01,22.28,68.08,1.8,334.3,1014.907,0
"2023-06-03 06:50:00",256,180.7,87.6,47.25,57.22,0.003,4.128,22.29,68.28,1.779,334.8,1014.998,0
"2023-06-03 07:00:00",257,228.6,116.9,57.72,78.42,0.005,5.381,22.63,67.15,1.366,351.4,1015.078,0
"2023-06-03 07:10:00",258,269.8,147.2,67.56,102.4,0.006,6.737,23.23,65.26,1.165,338.5,1015.15,0
"2023-06-03 07:20:00",259,313.9,180.1,77.05,129.9,0.009,8.25,23.92,62.64,0.492,326.9,1015.204,0
"2023-06-03 07:30:00",260,360.4,217.6,85.7,160.4,0.011,9.92,24.66,60.44,0.764,330.8,1015.267,0
"2023-06-03 07:40:00",261,395.9,253.1,93.7,191.5,0.014,11.64,25.3,59.78,0.768,23.43,1015.37,0
"2023-06-03 07:50:00",262,426.9,287.1,100.5,221.3,0.018,13.5,26.6,58.33,0.516,16.37,1015.391,0
"2023-06-03 08:00:00",263,454.4,323.5,107.3,253.5,0.022,15.35,27.09,58.29,0.924,83.7,1015.422,0
"2023-06-03 08:10:00",264,471.7,357.5,114.2,284.1,0.027,17.18,27.06,57.05,1.049,42.59,1015.469,0
"2023-06-03 08:20:00",265,487.4,391.1,121,315.6,0.031,18.93,27.46,58.19,1.19,117.3,1015.523,0
"2023-06-03 08:30:00",266,507.1,428.6,129.1,351.8,0.037,20.92,28,57.2,1.334,110.7,1015.638,0
"2023-06-03 08:40:00",267,536.2,469.9,136.8,391,0.044,23.37,28.92,54.8,0.713,292.8,1015.739,0
"2023-06-03 08:50:00",268,542.5,498.8,142.8,418.8,0.05,25.16,28.94,54.37,0.267,298.9,1015.773,0
"2023-06-03 09:00:00",269,570.1,542.8,148,461.8,0.058,27.62,28.94,55.52,1.49,160.2,1015.681,0
"2023-06-03 09:10:00",270,582.7,577.9,154.7,498,0.065,29.71,28.44,56.85,1.711,181.6,1015.714,0
"2023-06-03 09:20:00",271,592.9,611.4,162,532.3,0.073,31.75,28.62,56.73,2.083,245.9,1015.801,0
"2023-06-03 09:30:00",272,601.7,643.4,168.5,563.5,0.081,33.62,28.43,58.22,2.004,16.69,1015.777,0
"2023-06-03 09:40:00",273,609.9,673.2,173.6,593.4,0.088,35.41,28.35,56.88,2.239,55.63,1015.761,0
"2023-06-03 09:50:00",274,622.1,702.9,177.7,623.8,0.097,37.46,28.84,55.02,1.138,232.1,1015.809,0
"2023-06-03 10:00:00",275,638.5,733.5,179.2,652.7,0.106,39.6,29.23,53.56,1.114,122.1,1015.743,0
"2023-06-03 10:10:00",276,651.8,766,181.7,682.9,0.115,41.62,29.46,55.17,1.792,191.2,1015.647,0
"2023-06-03 10:20:00",277,660.4,791.1,183.5,706.9,0.124,43.25,29.55,52.95,1.639,91.2,1015.486,0
"2023-06-03 10:30:00",278,674.1,820,183.8,733.1,0.133,45.07,29.72,54.95,1.659,138.8,1015.39,0
"2023-06-03 10:40:00",279,684,846,186.4,757.3,0.142,47.08,29.75,54.24,2.1,167.1,1015.345,0
"2023-06-03 10:50:00",280,701.2,872,185.8,780.1,0.152,49.22,29.86,53.47,1.103,222.4,1015.29,0
"2023-06-03 11:00:00",281,713.1,894,185,800,0.16,50.76,30.14,51.35,1.63,169.4,1015.137,0
"2023-06-03 11:10:00",282,708,904,186.4,811,0.166,51.56,30.01,52.94,2.204,260.3,1014.96,0
"2023-06-03 11:20:00",283,713.2,920,187,825,0.172,52.7,29.8,52.47,2.339,186.7,1014.767,0
"2023-06-03 11:30:00",284,719.1,934,188.2,838,0.178,53.89,30.08,49.57,1.57,131.1,1014.657,0
"2023-06-03 11:40:00",285,726,948,188.1,851,0.184,54.91,30.86,51.08,1.725,293.4,1014.515,0
"2023-06-03 11:50:00",286,726.7,957,189.1,859,0.187,55.45,30.58,48.95,1.974,203.5,1014.357,0
"2023-06-03 12:00:00",287,738.6,971,188.1,871,0.192,56.67,31.27,46.64,1.402,252.9,1014.178,0
"2023-06-03 12:10:00",288,736.8,979,190.4,876,0.194,56.95,31.4,48.4,2.395,191.9,1014.049,0
"2023-06-03 12:20:00",289,742.9,988,190.9,885,0.197,57.64,31.72,46.82,1.936,195.4,1013.925,0
"2023-06-03 12:30:00",290,744.3,991,189.9,886,0.197,57.64,32.08,46.6,2.524,113.4,1013.749,0
"2023-06-03 12:40:00",291,753.1,998,187.6,892,0.199,58.25,31.54,46.33,2.124,85,1013.638,0
"2023-06-03 12:50:00",292,742.5,986,189.6,883,0.196,57.54,32.41,43.82,1.991,163.6,1013.549,0
"2023-06-03 13:00:00",293,738.7,984,192.4,879,0.195,57.42,32.21,44.69,1.804,228.4,1013.508,0
"2023-06-03 13:10:00",294,735.3,975,192.3,872,0.192,57.05,32.4,42.11,1.591,112.6,1013.36,0
"2023-06-03 13:20:00",295,737.3,976,194.9,873,0.19,56.95,32.6,41.49,3.036,197.1,1013.206,0
"2023-06-03 13:30:00",296,706.9,978,226.6,872,0.186,56.51,32.5,39.83,2.119,143.8,1013.124,0
"2023-06-03 13:40:00",297,593,942,284.6,828,0.176,54.51,33.38,38.69,2.134,87.4,1013.004,0
"2023-06-03 13:50:00",298,710.6,1014,273.6,891,0.182,57.15,33.85,37.79,1.584,156.2,1012.818,0
"2023-06-03 14:00:00",299,449.1,783.3,281.4,686.6,0.144,45.71,34.06,38.89,2.238,155.3,1012.696,0
"2023-06-03 14:10:00",300,249.5,590.4,279.3,519.4,0.115,36.72,34.18,38.6,1.035,343.7,1012.533,0
"2023-06-03 14:20:00",301,603.6,907,285.2,806,0.151,50.63,34.1,36.8,1.126,81,1012.286,0
"2023-06-03 14:30:00",302,646.3,861,224.6,764.1,0.144,48.81,34.19,38.3,1.401,36.57,1012.048,0
"2023-06-03 14:40:00",303,652.2,834,210.2,738.1,0.135,46.92,34.85,37.13,1.458,142.5,1011.837,0
"2023-06-03 14:50:00",304,625.3,792.2,206.6,700.1,0.122,43.8,34.52,37.86,1.98,344.1,1011.64,0
"2023-06-03 15:00:00",305,636.9,783.7,205,689.6,0.117,43.31,34.13,37.55,1.494,276.7,1011.478,0
"2023-06-03 15:10:00",306,612.7,748,206.9,654.7,0.107,40.95,34.88,36.11,1.44,174.6,1011.27,0
"2023-06-03 15:20:00",307,605.1,727.3,206.9,631.7,0.099,39.29,34.93,36.32,2.124,209,1011.049,0
"2023-06-03 15:30:00",308,602.7,715.9,211.3,623.2,0.093,38.36,34.32,36.73,2.375,249.3,1010.951,0
"2023-06-03 15:40:00",309,571.9,677.3,214.2,585.2,0.082,35.54,34.92,34.51,1.907,198.1,1010.787,0
"2023-06-03 15:50:00",310,539.7,638.1,211.3,548.4,0.075,33.42,35.21,34.97,1.936,240.6,1010.577,0
"2023-06-03 16:00:00",311,549.2,607.2,196.6,520.6,0.067,31.47,34.94,34.44,1.854,160.3,1010.442,0
"2023-06-03 16:10:00",312,540.9,570.5,185.7,486,0.059,29.15,35.23,32.93,1.709,155.4,1010.257,0
"2023-06-03 16:20:00",313,545.3,547.9,180.1,458.7,0.053,27.68,36.05,31.08,1.205,178.5,1010.1,0
"2023-06-03 16:30:00",314,522.5,515.6,177.3,425.9,0.046,25.42,36.18,30.97,1.831,155.7,1010.049,0
"2023-06-03 16:40:00",315,503.2,485,174.3,397.3,0.04,23.46,36.53,31.37,1.75,157.6,1009.934,0
"2023-06-03 16:50:00",316,492.5,429.3,146.7,346.6,0.034,20.55,36.11,31.01,1.94,196,1009.817,0
"2023-06-03 17:00:00",317,351,325.9,129.6,259.5,0.027,17.34,35.91,32.15,2.436,168.3,1009.82,0
"2023-06-03 17:10:00",318,439,342.1,124.7,267.3,0.024,16.53,35.81,30.57,1.555,111.6,1009.779,0
"2023-06-03 17:20:00",319,458.1,330.9,123.1,253.3,0.02,15.3,36.35,32.08,1.59,160.9,1009.808,0
"2023-06-03 17:30:00",320,417.7,290.1,114.9,217.7,0.017,13.25,35.89,31.92,2.077,85.2,1009.864,0
"2023-06-03 17:40:00",321,386.7,257.9,108.8,190.2,0.013,11.47,35.64,31.53,2.465,121.1,1009.92,0
"2023-06-03 17:50:00",322,356.8,225.7,101.1,163.3,0.011,9.92,35.26,31.76,2.395,106.2,1009.966,0
"2023-06-03 18:00:00",323,314.3,185,88.1,129.8,0.008,8.16,35.32,31.59,1.581,97.9,1010.031,0
"2023-06-03 18:10:00",324,266.4,148.4,75.39,101.4,0.006,6.565,35.08,32.18,1.807,128.4,1010.109,0
"2023-06-03 18:20:00",325,218.5,111.3,60.15,72.98,0.004,5.127,35.11,32.17,1.211,162.3,1010.13,0
"2023-06-03 18:30:00",326,175.3,80.2,46.31,49.95,0.003,3.878,35.01,31.97,1.063,119.2,1010.11,0
"2023-06-03 18:40:00",327,128.6,54.86,34.53,33.44,0.002,2.811,34.75,32.14,1.081,143.9,1010.175,0
"2023-06-03 18:50:00",328,80.7,33.86,22.97,21.83,0.001,1.881,34.31,32.8,0.86,125.2,1010.236,0
"2023-06-03 19:00:00",329,9.34,15.65,11.68,9.94,0.001,1.093,33.88,34.27,0.232,153.6,1010.298,0
"2023-06-03 19:10:00",330,0,4.476,2.568,1.869,0.001,0.502,33.31,34.46,0.111,135.1,1010.356,0
"2023-06-03 19:20:00",331,0,0.013,0,0,0,0.152,32.76,38.58,0.495,10.66,1010.489,0
"2023-06-03 19:30:00",332,0,0,0,0,0,0.025,32.6,39.47,0.104,42.04,1010.715,0
"2023-06-03 19:40:00",333,0,0,0,0,0,0.002,32.22,43.67,0.247,351.5,1010.942,0
"2023-06-03 19:50:00",334,0.033,0,0,0,0,0.001,31.81,44.24,0.485,158.1,1011.26,0
"2023-06-03 20:00:00",335,0,0,0,0,0,0.001,31.45,44.06,0.379,97.6,1011.52,0
"2023-06-03 20:10:00",336,0,0,0,0,0,0,31.16,45.08,0,78.46,1011.705,0
"2023-06-03 20:20:00",337,0,0,0,0,0,0.001,30.77,46.99,0.057,130.6,1011.868,0
"2023-06-03 20:30:00",338,0.018,0,0,0,0,0.001,30.21,43.75,1.198,28.51,1012.101,0
"2023-06-03 20:40:00",339,0.386,0,0,0,0,0.001,30.47,38.33,4.431,150,1012.485,0
"2023-06-03 20:50:00",340,0,0,0,0,0,0.001,29.98,36.41,2.956,107.9,1012.974,0
"2023-06-03 21:00:00",341,0,0,0,0,0,0.001,29.56,36.63,2.161,43.72,1013.337,0
"2023-06-03 21:10:00",342,0,0,0,0,0,0.001,29.25,36.16,2.083,106,1013.701,0
"2023-06-03 21:20:00",343,0,0,0,0,0,0.001,29.04,35.71,1.703,96.3,1013.99,0
"2023-06-03 21:30:00",344,0.016,0,0,0,0,0.001,28.97,34.79,1.308,350.9,1014.399,0
"2023-06-03 21:40:00",345,0.161,0,0,0,0,0.001,29.12,35.63,2.36,195.9,1014.589,0
"2023-06-03 21:50:00",346,0,0,0,0,0,0.001,27.96,38.59,2.301,233.9,1014.81,0
"2023-06-03 22:00:00",347,0,0,0,0,0,0.001,27.3,39.82,2.27,280.3,1014.999,0
"2023-06-03 22:10:00",348,0,0,0,0,0,0,26.89,39.9,3.459,252.6,1015.171,0
"2023-06-03 22:20:00",349,0.011,0,0,0,0,0,26.75,40.76,3.819,221.2,1015.487,0
"2023-06-03 22:30:00",350,0,0,0,0,0,0,26.52,40.92,3.334,208.2,1015.57,0
"2023-06-03 22:40:00",351,0,0,0,0,0,0,26.35,42.31,3.439,191.4,1015.669,0
"2023-06-03 22:50:00",352,0,0,0,0,0,0,26.05,43.44,3.585,188.5,1015.852,0
"2023-06-03 23:00:00",353,0,0,0,0,0,0.001,25.85,43.78,3.315,207.6,1016.019,0
"2023-06-03 23:10:00",354,0,0,0,0,0,0,25.69,44.8,3.028,166.7,1016.212,0
"2023-06-03 23:20:00",355,0.007,0,0,0,0,0.001,25.54,45.61,3.219,169.5,1016.435,0
"2023-06-03 23:30:00",356,0.038,0,0,0,0,0,25.49,44.21,2.473,150,1016.573,0
"2023-06-03 23:40:00",357,0.121,0,0,0,0,0.001,25.74,44.05,2.933,162.9,1016.603,0
"2023-06-03 23:50:00",358,0,0,0,0,0,0,25.67,44.11,1.088,96.3,1016.717,0
"2023-06-04 00:00:00",359,0,0,0,0,0,0,25.38,47.62,0.581,18.86,1016.903,0
"2023-06-04 00:10:00",360,0,0,0,0,0,0,24.82,51.05,1.489,4.806,1016.966,0
"2023-06-04 00:20:00",361,0.002,0,0,0,0,0,24.25,50.12,1.105,23.61,1017.013,0
"2023-06-04 00:30:00",362,0.122,0,0,0,0,0,24.72,48.64,1.509,351.4,1016.993,0
"2023-06-04 00:40:00",363,0.001,0,0,0,0,0,24.74,50.37,1.259,6.297,1016.873,0
"2023-06-04 00:50:00",364,0,0,0,0,0,0,24.23,51.54,1.346,328.5,1016.705,0
"2023-06-04 01:00:00",365,0.035,0,0,0,0,0,24.08,51.08,2.16,218,1016.548,0
"2023-06-04 01:10:00",366,0.008,0,0,0,0,0,23.92,52.12,1.709,65.17,1016.407,0
"2023-06-04 01:20:00",367,0.013,0,0,0,0,0,24.16,50.89,1.031,0,1016.275,0
"2023-06-04 01:30:00",368,0.035,0,0,0,0,0,24.26,50.08,1.021,0,1016.202,0
"2023-06-04 01:40:00",369,0,0,0,0,0,0,24.11,53.7,0.476,19.46,1015.94,0
"2023-06-04 01:50:00",370,0.013,0,0,0,0,0,23.55,52.43,1.036,222.2,1015.782,0
"2023-06-04 02:00:00",371,0.03,0,0,0,0,0,23.47,51.71,2.07,0,1015.587,0
"2023-06-04 02:10:00",372,0.001,0,0,0,0,0,22.95,54.2,1.209,4.715,1015.385,0
"2023-06-04 02:20:00",373,0,0,0,0,0,0,22.92,54.05,0.876,0,1015.241,0
"2023-06-04 02:30:00",374,0.022,0,0,0,0,0,22.76,52.2,1.454,0,1015.099,0
"2023-06-04 02:40:00",375,0.004,0,0,0,0,0,22.86,54.12,0.409,243.7,1014.98,0
"2023-06-04 02:50:00",376,0,0,0,0,0,0,22.88,55.38,0.013,220.7,1014.917,0
"2023-06-04 03:00:00",377,0,0,0,0,0,0,22.65,58.16,0,97.5,1014.912,0
"2023-06-04 03:10:00",378,0.004,0,0,0,0,0,22.31,59.07,0.539,0,1014.809,0
"2023-06-04 03:20:00",379,0.104,0,0,0,0,0,22.09,58.24,1.786,0,1014.678,0
"2023-06-04 03:30:00",380,0.077,0,0,0,0,0,21.85,56.31,2.304,0,1014.655,0
"2023-06-04 03:40:00",381,0.018,0,0,0,0,0,21.85,58.35,1.926,129.4,1014.59,0
"2023-06-04 03:50:00",382,0.026,0,0,0,0,0,21.75,57.14,2.059,295.7,1014.574,0
"2023-06-04 04:00:00",383,0,0,0,0,0,0,21.29,57.03,1.881,335.1,1014.566,0
"2023-06-04 04:10:00",384,0.033,0,0,0,0,0,21.25,59.06,2.175,33.36,1014.519,0
"2023-06-04 04:20:00",385,0.018,0,0,0,0,0,21.22,56.59,1.803,324.4,1014.576,0
"2023-06-04 04:30:00",386,0.126,0,0,0,0,0,21.61,57.55,2.179,3.11,1014.587,0
"2023-06-04 04:40:00",387,0.007,0,0,0,0,0,21.24,57.78,2.121,329.8,1014.592,0
"2023-06-04 04:50:00",388,0.033,0,0,0,0,0,21.49,55.27,1.866,333.6,1014.481,0
"2023-06-04 05:00:00",389,0.045,0,0,0,0,0,21.6,59.16,1.96,333.9,1014.536,0
"2023-06-04 05:10:00",390,0.007,0,0,0,0,0,21.27,53.72,1.834,315,1014.514,0
"2023-06-04 05:20:00",391,0.007,0,0,0,0,0,21.39,58.62,1.454,335.9,1014.525,0
"2023-06-04 05:30:00",392,0,0,0,0,0,0,20.5,58.68,2.291,334.4,1014.559,0
"2023-06-04 05:40:00",393,0.029,0,0,0,0,0.003,20.48,57.72,2.228,342.4,1014.536,0
"2023-06-04 05:50:00",394,0.002,0,0,0,0,0.038,20.37,58.11,2.268,342.8,1014.474,0
"2023-06-04 06:00:00",395,0.008,0.994,0.454,0.075,0,0.203,20.2,58.6,2.624,348.9,1014.519,0
"2023-06-04 06:10:00",396,2.225,6.636,5.401,4.58,0.001,0.626,20.31,55.93,2.543,331.9,1014.521,0
"2023-06-04 06:20:00",397,81,21.68,14.02,14.72,0.001,1.324,20.86,58.62,2.074,342.5,1014.567,0
"2023-06-04 06:30:00",398,161.8,43.03,22.5,25.31,0.002,2.197,20.65,59.35,1.78,346.5,1014.683,0
"2023-06-04 06:40:00",399,239.3,69.34,31.08,35.58,0.003,3.321,20.94,58.08,1.474,4.418,1014.743,0
"2023-06-04 06:50:00",400,314.6,101,38.88,54.48,0.004,4.596,20.84,58.23,1.638,351.5,1014.789,0
"2023-06-04 07:00:00",401,391.8,137.3,46.31,80.3,0.005,6.053,21.19,58.11,1.696,332.1,1014.833,0
"2023-06-04 07:10:00",402,450.5,173.5,52.87,109.2,0.007,7.663,21.76,54.12,1.015,330.8,1014.83,0
"2023-06-04 07:20:00",403,494,209,58.45,138.6,0.01,9.38,22.78,53.95,0.935,16.14,1014.894,0
"2023-06-04 07:30:00",404,524.5,242.9,63.42,168.8,0.012,11.12,23.28,49.67,0.895,14.94,1014.951,0
"2023-06-04 07:40:00",405,558.4,278.4,67.55,199.7,0.016,13.02,24.53,46.9,0,345.1,1014.945,0
"2023-06-04 07:50:00",406,595.4,316.4,70.9,231.8,0.02,15.13,25.91,44.25,0,345,1014.963,0
"2023-06-04 08:00:00",407,625.2,356.5,75.07,267.5,0.024,17.3,26.33,42.7,0,345,1015.043,0
"2023-06-04 08:10:00",408,650.1,396.5,78.18,301.3,0.03,19.48,27.08,42.02,0,345,1015.13,0
"2023-06-04 08:20:00",409,678.1,435.7,81.4,338.8,0.036,21.87,28.21,34.76,0.161,76.01,1015.145,0
"2023-06-04 08:30:00",410,699.1,473.4,84.2,378.4,0.042,24.26,29.94,34.78,0.525,138.1,1015.159,0
"2023-06-04 08:40:00",411,714.7,512.3,87.9,417.5,0.049,26.53,29.53,37.01,1.034,175.4,1015.245,0
"2023-06-04 08:50:00",412,732.5,550.6,91,457.3,0.057,28.9,29.2,35.64,1.02,158.7,1015.325,0
"2023-06-04 09:00:00",413,745.2,587.5,94.5,494.8,0.065,31.09,28.52,37.94,1.641,149.7,1015.366,0
"2023-06-04 09:10:00",414,759.2,623.5,97.3,532.7,0.074,33.41,28.53,37.6,1.661,172.9,1015.424,0
"2023-06-04 09:20:00",415,774.8,660.7,99.5,569.4,0.083,35.73,28.18,37.5,1.774,149,1015.523,0
"2023-06-04 09:30:00",416,790.4,696.4,100.2,605.8,0.093,38.34,28.85,38.32,1.183,107.8,1015.498,0
"2023-06-04 09:40:00",417,808,731.4,101.1,640,0.103,40.84,29.13,35.59,1.369,145.5,1015.445,0
"2023-06-04 09:50:00",418,815,762.9,103.3,670.6,0.113,43.05,29.45,38.04,1.763,172.4,1015.387,0
"2023-06-04 10:00:00",419,823,793.7,104.8,700.9,0.123,45.23,29.07,37.09,1.94,128.7,1015.367,0
"2023-06-04 10:10:00",420,831,823,105.2,729.2,0.133,47.31,29.35,34.8,1.771,224.3,1015.341,0
"2023-06-04 10:20:00",421,847,855,103.8,759.5,0.144,49.58,29.47,32.33,2.111,150.5,1015.189,0
"2023-06-04 10:30:00",422,860,884,102.8,786.5,0.155,51.74,29.94,32.48,2.234,160.7,1015.143,0
"2023-06-04 10:40:00",423,864,906,103.3,807,0.164,53.32,30.12,31.73,2.26,188.9,1015.094,0
"2023-06-04 10:50:00",424,868,927,104.5,828,0.173,54.86,30.64,31.58,1.988,83.8,1015.025,0
"2023-06-04 11:00:00",425,867,948,107.8,847,0.18,56.18,30.48,32.56,2.659,196.7,1014.938,0
"2023-06-04 11:10:00",426,870,965,109.6,862,0.188,57.62,30.52,30.79,2.103,207.8,1014.811,0
"2023-06-04 11:20:00",427,868,978,112.8,875,0.194,58.63,31.15,31.21,2.509,206.9,1014.732,0
"2023-06-04 11:30:00",428,869,991,114.5,888,0.199,59.63,31.39,31.88,2.373,92,1014.653,0
"2023-06-04 11:40:00",429,871,1004,115.6,901,0.205,60.66,31.5,32.4,2.594,174.2,1014.556,0
"2023-06-04 11:50:00",430,865,1008,117.9,904,0.207,60.93,31.44,32.03,2.146,136.9,1014.354,0
"2023-06-04 12:00:00",431,865,1017,119.9,911,0.21,61.53,31.87,31.49,2.201,93.5,1014.129,0
"2023-06-04 12:10:00",432,860,1021,123.7,915,0.212,61.68,32.35,31.07,2.62,169.8,1013.982,0
"2023-06-04 12:20:00",433,849,1020,128.5,914,0.21,61.29,32.59,30.38,2.141,163.4,1013.856,0
"2023-06-04 12:30:00",434,842,1021,133.3,912,0.21,61.22,32.91,29.68,1.838,153.6,1013.656,0
"2023-06-04 12:40:00",435,825,1014,140.2,905,0.207,60.47,33.21,29.9,2.288,231.8,1013.532,0
"2023-06-04 12:50:00",436,820,1013,144.6,904,0.206,60.4,32.71,28.63,1.476,88.2,1013.398,0
"2023-06-04 13:00:00",437,820,1013,147.1,903,0.206,60.42,33.18,28.25,2.766,189.9,1013.205,0
"2023-06-04 13:10:00",438,808,1000,152.1,892,0.202,59.47,33.24,27.62,1.526,196.7,1013.134,0
"2023-06-04 13:20:00",439,810,998,153.5,890,0.201,59.46,33.67,28.24,1.799,0.507,1013.066,0
"2023-06-04 13:30:00",440,823,998,148.3,891,0.202,59.84,33.49,27.66,1.734,65.23,1012.907,0
"2023-06-04 13:40:00",441,814,978,146.5,873,0.194,58.19,33.86,27.73,1.409,66.05,1012.837,0
"2023-06-04 13:50:00",442,810,970,147.9,865,0.189,57.41,34.1,26.64,2.299,115.5,1012.622,0
"2023-06-04 14:00:00",443,812,962,149.3,857,0.185,57.05,34.29,26.26,2.077,263.4,1012.442,0
"2023-06-04 14:10:00",444,814,953,152.9,844,0.18,56.53,34.89,25.42,1.284,203.8,1012.355,0
"2023-06-04 14:20:00",445,801,934,157.2,825,0.172,55.07,34.6,26.23,2.031,60.24,1012.162,0
"2023-06-04 14:30:00",446,785.9,909,159.8,802,0.162,52.89,34.74,26.1,1.959,38.92,1012.012,0
"2023-06-04 14:40:00",447,784.4,899,165.3,791,0.154,51.74,34.6,25.78,2.249,98.1,1011.885,0
"2023-06-04 14:50:00",448,748.5,870,177.1,768.8,0.143,49.21,35.01,24.56,2.175,113.8,1011.761,0
"2023-06-04 15:00:00",449,761.3,886,199.9,773.8,0.137,49.12,35.78,24.47,2.784,88.3,1011.604,0
"2023-06-04 15:10:00",450,749.4,883,219.7,775.2,0.128,47.56,35.87,24.23,2.786,143.4,1011.498,0
"2023-06-04 15:20:00",451,497.3,627.9,191.1,545.9,0.103,37.63,36.2,24.33,0.876,122.2,1011.414,0
"2023-06-04 15:30:00",452,466,575.1,172.9,504.9,0.094,35.38,35.97,26.25,2.317,167.1,1011.217,0
"2023-06-04 15:40:00",453,724.1,733.1,163,635.1,0.098,39.8,36.21,24.5,1.931,168.6,1011.103,0
"2023-06-04 15:50:00",454,691.7,676.2,152.8,582,0.086,36.01,36.62,24.89,1.538,72.66,1010.946,0
"2023-06-04 16:00:00",455,96.4,212.1,122.4,182.1,0.048,18.74,36.12,25.99,2.186,203.2,1010.805,0
"2023-06-04 16:10:00",456,4.746,186.6,155.3,166.3,0.046,18.76,35.23,26.44,2.179,173.5,1010.631,0
"2023-06-04 16:20:00",457,175.7,286.5,143.2,247.5,0.048,21.58,34.84,26.44,2.795,160.9,1010.521,0
"2023-06-04 16:30:00",458,0.776,138,118.2,121,0.034,15.07,34.8,26.21,2.11,125,1010.414,0
"2023-06-04 16:40:00",459,0.249,146.3,124.8,133.1,0.029,13.88,34.81,27.51,1.165,149,1010.304,0
"2023-06-04 16:50:00",460,0.105,113.4,99.5,105.9,0.024,11.57,34.78,28.04,1.281,98.6,1010.303,0
"2023-06-04 17:00:00",461,0.004,97.5,86.4,90,0.02,10.47,34.36,29.25,1.5,108.3,1010.289,0
"2023-06-04 17:10:00",462,0.066,83.2,74.68,73.57,0.016,8.91,34.14,28.12,0.903,103.1,1010.265,0
"2023-06-04 17:20:00",463,0.072,81.6,72.02,73.44,0.013,8.07,34.14,28.06,0.868,107.7,1010.237,0
"2023-06-04 17:30:00",464,11.48,91.1,72.31,79.27,0.011,7.687,34.19,27.86,0.633,90.5,1010.221,0
"2023-06-04 17:40:00",465,0.526,89.6,74.61,80.4,0.011,7.97,34.25,28.04,0.167,74.12,1010.202,0
"2023-06-04 17:50:00",466,0.003,58.99,49.95,51.93,0.009,6.742,34.12,28.17,0.056,82.6,1010.21,0
"2023-06-04 18:00:00",467,0,49.22,42.09,41.93,0.007,5.524,34.08,30.13,0,81.5,1010.211,0
"2023-06-04 18:10:00",468,0,46.74,39.77,40.16,0.005,4.995,33.64,32.75,0.755,334,1010.221,0
"2023-06-04 18:20:00",469,85.3,59.7,38.18,42.54,0.004,4.334,32.94,31.9,1.609,337.9,1010.206,0
"2023-06-04 18:30:00",470,26.25,52.32,42.04,39.84,0.003,3.799,32.56,33.36,1.613,351.5,1010.157,0
"2023-06-04 18:40:00",471,15.04,37.53,29.89,28.7,0.002,2.979,32.58,33.91,0.294,15.52,1010.094,0
"2023-06-04 18:50:00",472,72.48,28.22,18.98,19.54,0.002,2.003,32.28,36.19,1.334,0.164,1010.119,0
"2023-06-04 19:00:00",473,12.36,14.81,10.61,9.52,0.001,1.169,31.33,38.6,1.951,328.7,1010.188,0
"2023-06-04 19:10:00",474,0.004,4.906,3.49,2.327,0.001,0.536,31.08,34.2,2.455,327.8,1010.252,0
"2023-06-04 19:20:00",475,0,0.13,0.028,0,0,0.164,30.98,37.48,2.308,335.6,1010.301,0
"2023-06-04 19:30:00",476,0,0,0,0,0,0.028,30.47,33.94,2.461,320.6,1010.421,0
"2023-06-04 19:40:00",477,0.051,0,0,0,0,0.002,30.44,32.61,2.925,303.3,1010.561,0
"2023-06-04 19:50:00",478,0.02,0,0,0,0,0.001,30.37,34.34,3.522,262.6,1010.765,0
"2023-06-04 20:00:00",479,0.005,0,0,0,0,0.001,30.23,35.72,3.496,295.9,1010.908,0
"2023-06-04 20:10:00",480,0.012,0,0,0,0,0.001,30.17,35.81,3.104,299.5,1011.124,0
"2023-06-04 20:20:00",481,0.057,0,0,0,0,0.001,30.34,33.24,3.1,293.3,1011.28,0
"2023-06-04 20:30:00",482,0.09,0,0,0,0,0.001,30.34,32.52,3.05,298.5,1011.451,0
"2023-06-04 20:40:00",483,0.14,0,0,0,0,0.001,30.49,32.44,2.929,302,1011.55,0
"2023-06-04 20:50:00",484,0.046,0,0,0,0,0.001,30.44,31.68,2.705,312.1,1011.649,0
"2023-06-04 21:00:00",485,0.01,0,0,0,0,0.001,30.37,31.06,2.199,273.7,1011.837,0
"2023-06-04 21:10:00",486,0.001,0,0,0,0,0.001,30.15,37.75,1.538,338.6,1011.993,0
"2023-06-04 21:20:00",487,0,0,0,0,0,0.001,29.36,32.91,2.275,305.6,1012.077,0
"2023-06-04 21:30:00",488,0,0,0,0,0,0.001,29.55,34.89,2.521,328.9,1012.224,0
"2023-06-04 21:40:00",489,0,0,0,0,0,0.001,28.88,35.96,2.159,329.3,1012.406,0
"2023-06-04 21:50:00",490,0,0,0,0,0,0,28.32,38.05,1.205,149.8,1012.458,0
"2023-06-04 22:00:00",491,0,0,0,0,0,0,27.89,40.19,0.03,3.729,1012.519,0
"2023-06-04 22:10:00",492,0.014,0,0,0,0,0,27.4,41.28,1.095,20.17,1012.549,0
"2023-06-04 22:20:00",493,0.079,0,0,0,0,0,27.11,42.65,1.502,338.4,1012.706,0
"2023-06-04 22:30:00",494,0.023,0,0,0,0,0.001,27.09,43.73,1.659,342.7,1012.831,0
"2023-06-04 22:40:00",495,0,0,0,0,0,0,26.62,43.62,1.911,346.1,1012.905,0
"2023-06-04 22:50:00",496,0,0,0,0,0,0,26.53,41.78,2.315,330.9,1012.945,0
"2023-06-04 23:00:00",497,0.064,0,0,0,0,0.001,26.61,40.82,1.949,3.703,1013.023,0
"2023-06-04 23:10:00",498,0.009,0,0,0,0,0,26.42,46.01,0.364,329.8,1013.213,0
"2023-06-04 23:20:00",499,0.064,0,0,0,0,0,26.24,44.38,1.864,136.6,1013.276,0
"2023-06-04 23:30:00",500,0.01,0,0,0,0,0,25.98,46.39,1.099,346.9,1013.444,0
"2023-06-04 23:40:00",501,0.026,0,0,0,0,0,25.54,46.61,2.076,346.4,1013.543,0
"2023-06-04 23:50:00",502,0.243,0,0,0,0,0,25.89,43.53,2.214,335.7,1013.617,0
"2023-06-05 00:00:00",503,0,0,0,0,0,0,25.55,46,1.777,338.6,1013.824,0
"2023-06-05 00:10:00",504,0.033,0,0,0,0,0,25.6,44.88,1.627,329.9,1013.92,0
"2023-06-05 00:20:00",505,0,0,0,0,0,0,25.34,47.93,0.93,332.2,1013.962,0
"2023-06-05 00:30:00",506,0,0,0,0,0,0,25.17,46.89,1.371,339.8,1013.946,0
"2023-06-05 00:40:00",507,0.023,0,0,0,0,0,24.72,50.28,1.824,0.158,1013.974,0
"2023-06-05 00:50:00",508,0,0,0,0,0,0,24.46,51.01,1.481,342.7,1013.937,0
"2023-06-05 01:00:00",509,0.018,0,0,0,0,0,24.58,54.99,2.209,338.6,1013.919,0
"2023-06-05 01:10:00",510,0.017,0,0,0,0,0,24.28,55.66,2.374,343.2,1013.902,0
"2023-06-05 01:20:00",511,0,0,0,0,0,0,23.88,55.37,2.501,345.2,1013.89,0
"2023-06-05 01:30:00",512,0.007,0,0,0,0,0,23.94,52.68,2.09,346.2,1013.856,0
"2023-06-05 01:40:00",513,0.042,0,0,0,0,0,24.18,54.37,1.471,1.192,1013.786,0
"2023-06-05 01:50:00",514,0.112,0,0,0,0,0,24.32,54.84,1.919,17.85,1013.739,0
"2023-06-05 02:00:00",515,0.168,0,0,0,0,0,24.78,53.62,1.546,348.9,1013.746,0
"2023-06-05 02:10:00",516,0.039,0,0,0,0,0,24.78,55.25,1.507,339.7,1013.819,0
"2023-06-05 02:20:00",517,0.014,0,0,0,0,0,24.68,54.91,1.539,338.7,1013.868,0
"2023-06-05 02:30:00",518,0.009,0,0,0,0,0,24.46,52.1,1.941,338.3,1013.977,0
"2023-06-05 02:40:00",519,0,0,0,0,0,0,24.43,53.68,1.47,89.8,1013.965,0
"2023-06-05 02:50:00",520,0.005,0,0,0,0,0,24.4,53.29,1.035,9.42,1014.064,0
"2023-06-05 03:00:00",521,0.003,0,0,0,0,0,24.5,55.05,0.454,26.16,1014.131,0
"2023-06-05 03:10:00",522,0.122,0,0,0,0,0,24.63,55.3,0.831,31.84,1014.16,0
"2023-06-05 03:20:00",523,0.106,0,0,0,0,0,24.66,57.07,1.291,346.6,1014.257,0
"2023-06-05 03:30:00",524,0.039,0,0,0,0,0,24.61,58.09,0.976,35.74,1014.363,0
"2023-06-05 03:40:00",525,0.027,0,0,0,0,0,24.62,59.11,0.637,20.66,1014.353,0
"2023-06-05 03:50:00",526,0,0,0,0,0,0,24.58,58.86,0.14,351.3,1014.48,0
"2023-06-05 04:00:00",527,0,0,0,0,0,0,24.15,57.06,1.365,337.9,1014.571,0
"2023-06-05 04:10:00",528,0.004,0,0,0,0,0,24.08,53.2,1.364,324.5,1014.668,0
"2023-06-05 04:20:00",529,0.017,0,0,0,0,0,24,58.82,1.51,351.5,1014.692,0
"2023-06-05 04:30:00",530,0.018,0,0,0,0,0,23.88,59.49,1.336,333.3,1014.621,0
"2023-06-05 04:40:00",531,0.023,0,0,0,0,0,23.66,62.07,1.623,351.5,1014.633,0
"2023-06-05 04:50:00",532,0.004,0,0,0,0,0,23.66,59.76,1.454,337.7,1014.651,0
"2023-06-05 05:00:00",533,0,0,0,0,0,0,23.52,62.61,1.168,35.19,1014.635,0
"2023-06-05 05:10:00",534,0,0,0,0,0,0,23.31,61.75,1.171,341.6,1014.655,0
"2023-06-05 05:20:00",535,0.02,0,0,0,0,0,23.25,63.11,1.206,342.6,1014.672,0
"2023-06-05 05:30:00",536,0.013,0,0,0,0,0.001,23.36,63.76,0.954,347.4,1014.641,0
"2023-06-05 05:40:00",537,0,0,0,0,0,0.003,23.21,64.79,0.182,3.765,1014.711,0
"2023-06-05 05:50:00",538,0.011,0,0,0,0,0.034,23.11,66.59,0.224,45.61,1014.852,0
"2023-06-05 06:00:00",539,0.021,0.497,0.226,0.197,0,0.184,23.25,65.89,0,341.5,1014.918,0
"2023-06-05 06:10:00",540,0.001,6.058,4.641,4.774,0.001,0.567,22.96,67.4,0.139,348.8,1015.035,0
"2023-06-05 06:20:00",541,5.2,16.32,12.98,13.71,0.001,1.203,22.65,68.58,0.639,0.152,1015.084,0
"2023-06-05 06:30:00",542,41.86,33.75,24.5,25.96,0.002,2.035,22.44,68.01,1.66,339.8,1015.249,0
"2023-06-05 06:40:00",543,105.8,56.8,35.85,38.7,0.002,3.027,22.61,63.14,1.83,337.6,1015.353,0
"2023-06-05 06:50:00",544,160.6,83.1,46.42,55.07,0.003,4.154,22.89,61.36,1.956,332.1,1015.464,0
"2023-06-05 07:00:00",545,215.5,113.3,57.05,75.94,0.005,5.412,23.51,61.38,1.354,332.8,1015.532,0
"2023-06-05 07:10:00",546,261.6,145.2,67.23,99.7,0.007,6.819,23.88,60.99,0.94,337.7,1015.647,0
"2023-06-05 07:20:00",547,314.2,180.6,76.09,127.5,0.009,8.41,24.39,60.01,0.686,349.5,1015.72,0
"2023-06-05 07:30:00",548,367.7,217.9,83.7,157.3,0.012,10.16,25.59,57.96,0,327.2,1015.781,0
"2023-06-05 07:40:00",549,412.5,253.9,89.6,187.1,0.015,11.98,26.51,55.13,0,327.6,1015.813,0
"2023-06-05 07:50:00",550,451.2,292,95.8,219.4,0.019,13.89,26.8,54.94,0.026,334.7,1015.872,0
"2023-06-05 08:00:00",551,485.8,330.8,101.6,253.1,0.023,15.93,26.77,55.13,0.293,291.9,1015.829,0
"2023-06-05 08:10:00",552,507.9,366.3,107.7,284.7,0.028,17.93,27.29,51.71,0.134,227.6,1015.868,0
"2023-06-05 08:20:00",553,533.7,405.5,113.3,320.4,0.034,20.03,27.56,53.8,0.768,184.5,1015.902,0
"2023-06-05 08:30:00",554,558.5,444.1,118.6,358.4,0.04,22.28,27.69,51.89,0.449,118.4,1015.908,0
"2023-06-05 08:40:00",555,590,484.8,122.4,398.3,0.047,24.68,28.14,52.26,0.821,139.4,1015.895,0
"2023-06-05 08:50:00",556,599.7,517.2,127.4,432,0.054,26.66,28.75,50.24,1.014,168.4,1015.931,0
"2023-06-05 09:00:00",557,624.5,556.6,131.1,470.1,0.062,29.05,29.18,48.46,0.68,132,1015.98,0
"2023-06-05 09:10:00",558,640.7,596.1,136.8,508.4,0.07,31.31,28.85,51.77,1.55,177,1016.009,0
"2023-06-05 09:20:00",559,660.4,632.1,139.3,545,0.079,33.62,28.37,51.26,1.208,131.7,1016.017,0
"2023-06-05 09:30:00",560,675.2,669.3,143.9,583.8,0.088,35.96,28.65,50.82,1.682,136.9,1016.027,0
"2023-06-05 09:40:00",561,688,700.2,147.1,614.3,0.097,38.11,28.87,48.92,1.391,119,1016.003,0
"2023-06-05 09:50:00",562,700.9,732.9,149,646.3,0.106,40.17,28.75,50.79,1.546,161.1,1015.978,0
"2023-06-05 10:00:00",563,710.9,762,152.2,675,0.116,42.18,28.86,49.98,1.516,202.4,1015.931,0
"2023-06-05 10:10:00",564,719.6,787.3,154.1,698.4,0.125,44.02,29.59,47.96,1.152,139.5,1015.862,0
"2023-06-05 10:20:00",565,728.1,817,157,724.9,0.134,45.9,29.42,47.63,0.828,124.5,1015.816,0
"2023-06-05 10:30:00",566,736.9,845,159.4,750.2,0.144,47.91,29.58,48.41,1.496,152.1,1015.743,0
"2023-06-05 10:40:00",567,741.2,866,160.8,771.7,0.151,49.28,29.67,46.99,1.565,168.3,1015.62,0
"2023-06-05 10:50:00",568,747.9,891,163,795.4,0.16,50.8,29.21,48.62,2.91,187.6,1015.526,0
"2023-06-05 11:00:00",569,757.4,912,165.1,817,0.169,52.59,29.98,47.48,2.376,155.7,1015.509,0
"2023-06-05 11:10:00",570,754.6,925,167.3,828,0.175,53.46,29.93,48.55,2.464,262.8,1015.471,0
"2023-06-05 11:20:00",571,763.1,946,168.8,850,0.182,55.07,29.46,47.66,3.125,136.8,1015.386,0
"2023-06-05 11:30:00",572,772.1,962,168.9,865,0.188,56.33,30.02,47.59,2.874,170.9,1015.187,0
"2023-06-05 11:40:00",573,775.6,973,168.9,873,0.193,57.22,30.04,46.32,2.49,198.5,1014.999,0
"2023-06-05 11:50:00",574,772.2,980,171.2,880,0.196,57.67,30.01,45.68,2.555,194.3,1014.883,0
"2023-06-05 12:00:00",575,774,988,173.2,886,0.199,58.28,30.95,42.26,1.678,114.1,1014.78,0
"2023-06-05 12:10:00",576,766.8,992,178.9,888,0.201,58.46,31.67,40.69,1.799,146.8,1014.662,0
"2023-06-05 12:20:00",577,762.7,1003,184.8,896,0.203,58.89,31.19,42.79,3.812,224.9,1014.571,0
"2023-06-05 12:30:00",578,762.5,1004,188.3,898,0.204,59.1,31.36,40.76,1.701,220.9,1014.499,0
"2023-06-05 12:40:00",579,762.6,1009,190.9,901,0.204,59.25,31.53,41.2,2.634,147.8,1014.328,0
"2023-06-05 12:50:00",580,757.8,1011,198,903,0.203,59.47,31.86,38.94,2.633,108.3,1014.291,0
"2023-06-05 13:00:00",581,753,1008,202.1,901,0.2,59.08,31.57,39.16,2.801,183.1,1014.128,0
"2023-06-05 13:10:00",582,750.5,1011,211,904,0.198,58.98,31.93,35.95,3.077,245.3,1013.886,0
"2023-06-05 13:20:00",583,732.1,1013,236.8,901,0.194,58.59,32.74,35.52,2.424,215.4,1013.835,0
"2023-06-05 13:30:00",584,518.5,853,262.5,759,0.167,50.49,32.89,35.46,3.704,138.6,1013.659,0
"2023-06-05 13:40:00",585,614,955,276.1,854,0.173,53.8,32.35,34.85,3.57,147.1,1013.499,0
"2023-06-05 13:50:00",586,478.5,851,292.4,765.4,0.154,48.58,32.93,32.1,2.191,158,1013.367,0
"2023-06-05 14:00:00",587,716.5,996,255.6,889,0.173,55.48,33.01,33.28,3.324,119.1,1013.257,0
"2023-06-05 14:10:00",588,616.5,913,261.3,818,0.156,51.09,33.48,32.23,1.769,138.5,1013.089,0
"2023-06-05 14:20:00",589,225,594,287.9,534.8,0.116,37.45,33.25,32.74,2.473,201.8,1013.073,0
"2023-06-05 14:30:00",590,123.1,452.1,269.7,411.6,0.096,31.02,32.36,32.97,3.79,190,1012.915,0
"2023-06-05 14:40:00",591,152.8,485.2,273.4,444.7,0.091,30.88,32.34,33.06,2.726,165.3,1012.832,0
"2023-06-05 14:50:00",592,0.078,194.9,166,181.6,0.047,15.9,32.21,33.32,2.704,185.5,1012.873,0
"2023-06-05 15:00:00",593,0.135,157.6,131.6,147.7,0.036,12.85,31.41,39.51,2.786,88.2,1012.974,0
"2023-06-05 15:10:00",594,0,114.6,96.4,98.5,0.023,9.15,29.62,44.98,4.138,0.244,1012.931,0
"2023-06-05 15:20:00",595,0,139.5,116.1,116.9,0.026,10.69,28.9,42.46,3.96,40.92,1012.801,0
"2023-06-05 15:30:00",596,0.047,129,107.6,105.8,0.026,10.75,28.31,43.27,4.5,29.51,1012.773,0
"2023-06-05 15:40:00",597,339.7,446.3,165,381.4,0.053,23.94,28.66,40.87,3.397,50.15,1012.457,0
"2023-06-05 15:50:00",598,637.6,727.4,228.6,641.4,0.082,37.54,30.24,38.07,4.192,342.6,1012.355,0
"2023-06-05 16:00:00",599,625.8,668.2,209.2,590,0.076,35.21,31.57,35.95,2.262,50.08,1012.354,0
"2023-06-05 16:10:00",600,598.5,609.9,188.6,532.4,0.066,31.75,31.99,35.64,2.324,42.18,1012.366,0
"2023-06-05 16:20:00",601,567.9,561.4,178.3,484.9,0.058,29.03,32.41,35.45,2.069,43.71,1012.221,0
"2023-06-05 16:30:00",602,561.3,527.6,164.9,447.4,0.051,26.86,32.22,47.25,3.337,174.6,1012.288,0
"2023-06-05 16:40:00",603,539.2,485,153.7,406.7,0.043,24.19,28.93,49.29,5.021,161.6,1012.467,0
"2023-06-05 16:50:00",604,527.9,445.1,143.8,370.7,0.037,22.17,28.82,46.37,4.032,199.5,1012.586,0
"2023-06-05 17:00:00",605,509.8,403.4,134.8,329.6,0.032,20.05,30.13,41.78,2.248,126.9,1012.546,0
"2023-06-05 17:10:00",606,486.8,367.1,126.9,293.4,0.027,18.04,30.27,39.39,3.021,126.7,1012.486,0
"2023-06-05 17:20:00",607,447.8,335.1,130,262.6,0.022,16.11,30.46,38.05,1.645,107.3,1012.577,0
"2023-06-05 17:30:00",608,444.8,301.6,116.6,228.2,0.018,14.41,30.72,38.12,1.941,143.1,1012.664,0
"2023-06-05 17:40:00",609,431,265.9,103.9,195.6,0.015,12.54,30.77,38.82,1.894,127.8,1012.764,0
"2023-06-05 17:50:00",610,397.2,224.6,90.8,159.5,0.012,10.55,30.49,38.75,1.763,227,1012.847,0
"2023-06-05 18:00:00",611,371,191.5,81.6,132,0.009,8.83,30.36,37.46,1.515,295.8,1012.881,0
"2023-06-05 18:10:00",612,323.9,153.7,69.23,102.9,0.007,7.102,29.91,38.86,2.176,286.4,1012.809,0
"2023-06-05 18:20:00",613,260,116.3,58.06,75.41,0.005,5.561,29.64,41.48,2.35,267.1,1012.822,0
