TOA5			CR1000-ESOLMET_LOC	CR1000	23644	CR1000.Std.32.05	CPU:20230124_ESOLMET-CR1000.CR1															
TIMESTAMP			RECORD	Batt_Volt_Min	I_glo_Avg	I_dir_Avg	I_dif_Avg	AirTC_Avg	AirTC_Max	AirTC_Min	AirTC_Std	RH_Avg	RH_Max	RH_Min	RH_Std	WS_ms_Avg	WS_ms_Max	WS_ms_Min	WS_ms_Std	WindDir	CS106_PB_Avg	Rain_mm_Tot
TS			RN	Volts	W/m2	W/m2	W/m2	?C	?C	?C	?C	%	%	%	%	m/s	m/s	m/s	m/s	grados	mbar	mm
				Min	Avg	Avg	Avg	Avg	Max	Min	Std	Avg	Max	Min	Std	Avg	Max	Min	Std	Smp	Avg	Tot
24/01/2023 13:30			0	13.01	828	939	82.7	27.21	27.35	27.04	0.055	34.39	34.82	33.86	0.259	3.361	5.45	0	1.251	2.878	489.9241	0
24/01/2023 13:40			1	13.02	824	939	81.9	26.92	27.28	26.57	0.161	34.31	35.4	33.38	0.459	2.43	5.45	0	1.212	2.854	875.325	0
24/01/2023 13:50			2	13.02	816	942	81.8	27.44	27.89	26.97	0.249	33.04	34.24	31.68	0.521	3.177	7.7	0	1.844	2.975	874.9866	0
24/01/2023 14:00			3	13	798.3	930	82.8	27.55	28.34	27.14	0.281	33.15	34.07	31.95	0.282	2.056	6.2	0	1.183	2.951	874.8439	0
24/01/2023 14:10			4	13	781.6	926	82	28.18	28.95	27.69	0.341	32.31	33.18	31.27	0.453	2.559	7.7	0	1.896	2.902	874.6824	0
24/01/2023 14:20			5	12.99	765	918	83.2	28.58	28.92	28.06	0.199	32.19	33.52	31.17	0.564	3.566	6.95	0	1.346	2.975	874.4021	0
24/01/2023 14:30			6	12.99	749.6	919	82.5	27.99	28.34	27.42	0.212	33.17	34.24	32.36	0.35	4.275	9.2	0.95	1.271	2.999	874.2244	0
24/01/2023 14:40			7	12.98	724.1	911	80.5	28.01	28.47	27.28	0.306	33.4	34.61	32.4	0.544	3.544	6.95	0	1.368	2.951	874.0606	0
24/01/2023 14:50			8	12.98	702.2	907	78.44	27.89	28.65	27.28	0.311	33.23	34.58	31.68	0.582	3.713	7.7	0	1.439	2.927	873.9514	0
24/01/2023 15:00			9	12.97	667.9	887	78.28	28.45	28.98	28	0.249	32.27	33.25	31.14	0.444	3.59	6.95	0	1.341	2.927	873.8409	0
24/01/2023 15:10			10	12.97	651.9	891	80.3	28.66	28.95	28.37	0.143	31.7	32.43	30.86	0.36	4.11	7.7	0.95	1.277	2.951	873.6618	0
24/01/2023 15:20			11	12.97	619.6	880	76.73	28.47	29.36	27.66	0.504	31.48	33.08	29.81	0.83	3.777	7.7	0	1.442	2.902	873.6368	0
24/01/2023 15:30			12	12.98	590.9	872	75.79	28.71	29.63	28.17	0.373	30.93	31.61	29.91	0.382	3.398	6.95	0	1.314	2.902	873.6209	0
24/01/2023 15:40			13	12.98	558.8	859	74.87	29.27	29.9	28.44	0.488	30.38	31.51	29.26	0.597	3.994	8.45	0.95	1.604	2.927	873.5414	0
24/01/2023 15:50			14	12.98	527.2	847	74.04	28.97	29.63	28.06	0.441	30.64	31.95	29.64	0.618	3.893	7.7	0	1.527	2.999	873.4874	0
24/01/2023 16:00			15	12.95	490.1	823	73.76	28.69	29.19	28.1	0.285	31.07	32.09	30.01	0.396	3.789	7.7	0.95	1.198	2.951	873.6006	0
24/01/2023 16:10			16	12.96	456.8	805	73.45	28.85	29.09	28.61	0.103	30.77	31.31	30.08	0.266	4.38	7.7	0.95	1.328	2.927	873.53	0
24/01/2023 16:20			17	12.96	418	778.8	71.49	29.1	29.6	28.61	0.235	30.19	30.9	29.19	0.319	3.935	7.7	0	1.537	2.83	873.5552	0
24/01/2023 16:30			18	12.97	378.4	747.8	68.7	28.85	29.43	28.51	0.21	30.52	31.17	29.64	0.293	3.995	6.95	0.95	1.425	2.854	873.4974	0
24/01/2023 16:40			19	12.97	341.5	728.1	65.12	28.85	29.46	28.3	0.296	30.48	31.03	29.6	0.327	3.428	6.2	0.95	1.017	2.951	873.4595	0
24/01/2023 16:50			20	12.95	304.9	706.6	61.49	28.54	28.89	28.2	0.149	30.96	31.51	30.22	0.214	4.15	8.45	0.95	1.739	2.878	873.3443	0
24/01/2023 17:00			21	12.96	268.3	685	57.41	28.58	28.88	28.2	0.124	31.01	31.92	30.42	0.317	4.284	7.7	1.7	1.052	2.951	873.3236	0
24/01/2023 17:10			22	12.95	231.6	659.2	53.12	28.56	29.02	28.13	0.233	31.45	32.06	30.66	0.293	3.295	5.45	0.95	0.829	2.951	873.3031	0
24/01/2023 17:20			23	12.82	194	623.2	48.32	28.68	28.99	28.48	0.101	31.51	32.06	30.76	0.304	3.912	7.7	0.95	1.181	2.903	873.3541	0
24/01/2023 17:30			24	12.78	158.3	585.8	43.2	28.17	28.78	27.76	0.244	31.46	31.99	30.8	0.221	4.115	6.95	0.95	1.09	2.854	873.4543	0
24/01/2023 17:40			25	12.75	121.5	534.8	37.43	28.27	28.61	27.93	0.203	31.28	31.89	30.36	0.34	2.642	5.45	0	1.059	2.806	873.4634	0
24/01/2023 17:50			26	12.73	88.3	464.3	31.81	28.19	28.62	27.7	0.256	30.7	31.11	30.19	0.209	4.189	8.45	0.95	1.434	2.782	873.472	0
24/01/2023 18:00			27	12.68	57.64	359.7	25.18	27.73	27.94	27.52	0.081	31.08	31.45	30.53	0.186	3.402	5.45	0	0.83	2.758	873.5104	0
24/01/2023 18:10			28	12.67	30.93	217.8	17.44	27.39	27.66	27.12	0.116	30.49	31.41	29.57	0.392	3.461	6.2	0.95	1.053	2.709	873.5508	0
24/01/2023 18:20			29	12.65	12.75	10.35	9.62	26.89	27.22	26.61	0.169	30.9	31.65	29.85	0.525	3.529	6.95	0.95	1.279	2.685	873.5212	0
24/01/2023 18:30			30	12.64	3.477	0.031	1.982	26.5	26.74	26.23	0.099	31.81	32.23	31.34	0.184	3.841	6.2	1.7	1.109	2.709	873.5117	0
24/01/2023 18:40			31	12.62	0.025	0.009	0	26.17	26.4	25.93	0.095	32.18	32.47	31.85	0.135	3.615	6.2	1.7	0.952	2.661	873.6442	0
24/01/2023 18:50			32	12.62	0	0.012	0	25.89	26.13	25.69	0.088	32.54	32.88	32.23	0.133	3.541	6.2	1.7	0.813	2.589	873.7157	0
24/01/2023 19:00			33	12.61	0	0.01	0	25.63	25.86	25.32	0.097	33.05	33.6	32.68	0.221	3.231	5.45	0.95	0.886	2.54	873.7555	0
24/01/2023 19:10			34	12.6	0	0.014	0	25.32	25.53	25.12	0.076	33.62	33.97	33.26	0.146	3.341	5.45	0.95	0.882	2.516	873.8682	0
24/01/2023 19:20			35	12.59	0	0.007	0	25.05	25.29	24.81	0.098	34.19	34.76	33.77	0.263	2.834	5.45	0.95	0.888	2.54	874.037	0
24/01/2023 19:30			36	12.56	0	0.004	0	24.73	24.98	24.5	0.088	34.96	35.34	34.59	0.161	1.928	3.95	0.95	0.547	2.492	874.2764	0
24/01/2023 19:40			37	12.56	0	0.002	0	24.42	24.67	24.2	0.108	35.61	35.95	35.2	0.173	1.804	3.95	0.95	0.517	2.444	874.4113	0
24/01/2023 19:50			38	12.51	0	0.007	0	24.22	24.37	24	0.07	35.86	36.5	35.44	0.25	1.583	3.2	0	0.849	2.516	874.5574	0
24/01/2023 20:00			39	12.39	0	0.004	0	23.9	24.13	23.69	0.111	36.78	37.31	36.26	0.233	0.375	1.7	0	0.525	2.419	874.679	0
24/01/2023 20:10			40	12.29	0	0.031	0	23.78	23.89	23.66	0.04	36.86	37.11	36.5	0.112	1.099	2.45	0	0.544	2.323	874.8699	0
24/01/2023 20:20			41	12.21	0	0.004	0	23.23	23.86	22.74	0.324	38.56	40.59	36.67	1.152	1.425	2.45	0	0.638	2.419	875.0095	0
24/01/2023 20:30			42	12.08	0	0.008	0	22.87	23.08	22.46	0.121	37.48	39.53	36.43	0.742	1.72	2.45	0.95	0.357	2.371	875.1669	0
24/01/2023 20:40			43	11.9	0	0.004	0	22.43	22.74	22.05	0.177	38.42	40.42	37.38	0.665	1.785	2.45	0.95	0.347	2.347	875.2242	0
24/01/2023 20:50			44	11.58	0	0	0	21.64	22.33	21	0.32	41.98	44.4	39.15	1.353	1.83	3.2	0.95	0.442	2.202	875.2407	0
24/01/2023 21:00			45	11.32	0	0	0	21.46	21.78	20.86	0.242	42.03	44.4	41.27	0.813	1.268	3.2	0	0.608	2.105	875.3223	0
24/01/2023 21:10			46	10.54	0	0.008	0	21.52	21.71	21.17	0.101	42.14	43.65	41.37	0.523	1.233	2.45	0	0.508	1.718	875.4044	0
24/01/2023 21:20			47	10.61	0	0.003	0	20.66	21.27	20.28	0.262	45.03	46.24	43.28	0.808	2.358	3.2	0.95	0.453	1.936	875.5351	0
24/01/2023 21:30			48	10.57	0	0.016	0	20.43	20.62	20.15	0.116	45.55	46.79	44.13	0.657	2.181	3.2	0.95	0.424	1.887	875.6171	0
24/01/2023 21:40			49	10.58	0	0.006	0	20.15	20.28	19.98	0.056	46.36	47.09	45.8	0.257	2.183	3.2	0.95	0.45	1.839	875.7396	0
24/01/2023 21:50			50	10.58	0	0.008	0	20.06	20.28	19.84	0.078	46.72	47.4	46.14	0.268	2.195	3.2	1.7	0.358	1.79	875.8623	0
24/01/2023 22:00			51	10.55	0	0.146	0	20.62	21.03	20.04	0.305	47.39	48.66	46.35	0.542	1.829	2.45	0.95	0.305	1.79	875.7719	0
24/01/2023 22:10			52	10.55	0	0.005	0	19.92	20.93	19.09	0.526	49.27	51.05	46.69	1.008	2.171	3.2	0.95	0.385	1.911	875.7888	0
24/01/2023 22:20			53	10.54	0	0	0	18.91	19.19	18.68	0.103	51.48	52.04	50.47	0.358	2.096	3.2	0.95	0.399	1.718	875.8212	0
24/01/2023 22:30			54	10.55	0	0	0	18.81	19.02	18.54	0.113	52.08	53.02	51.56	0.458	2.001	3.2	0.95	0.513	1.694	875.8623	0
24/01/2023 22:40			55	10.53	0	0.004	0	18.63	18.92	18.34	0.137	53.14	53.84	52.55	0.333	2.113	3.2	1.7	0.385	1.645	875.8867	0
24/01/2023 22:50			56	10.53	0	0	0	18.24	18.58	17.97	0.114	55.08	55.99	53.77	0.499	2.283	3.2	0.95	0.47	1.5	875.8867	0
24/01/2023 23:00			57	10.52	0	0.148	0	18.54	19.02	18.03	0.3	54.89	56.06	53.64	0.793	1.808	2.45	0.95	0.354	1.621	875.8868	0
24/01/2023 23:10			58	10.5	0	0.241	0	18.91	19.29	18.54	0.203	53.87	54.86	52.79	0.619	2.249	3.2	1.7	0.365	1.597	875.9684	0
24/01/2023 23:20			59	10.49	0	0.094	0	19.32	19.57	19.12	0.088	52.56	53.09	51.87	0.28	1.62	2.45	0.95	0.299	1.621	875.9603	0
24/01/2023 23:30			60	10.44	0	0.006	0	18.98	19.4	18.37	0.257	53.51	55.68	52.27	0.977	1.866	2.45	0.95	0.359	1.597	875.9603	0
24/01/2023 23:40			61	10.38	0	0	0	17.91	18.51	17.39	0.286	57.02	58.48	55.31	0.792	2.161	3.2	0.95	0.387	1.548	875.9029	0
24/01/2023 23:50			62	10.37	0	0	0	17.5	17.66	17.32	0.062	58.76	59.67	58.03	0.375	1.857	3.2	0	0.512	1.548	875.8867	0
25/01/2023 00:00			63	10.35	0	0.007	0	17.52	17.66	17.39	0.055	58.12	58.48	57.69	0.162	2.388	3.2	0.95	0.488	1.548	875.8867	0
25/01/2023 00:10			64	10.33	0	0	0	17.24	17.49	16.98	0.111	58.91	59.4	58.34	0.206	2.168	3.2	0.95	0.416	1.452	875.8887	0
25/01/2023 00:20			65	10.33	0	0.001	0	16.98	17.11	16.84	0.062	59.31	59.57	58.95	0.119	2.249	3.2	1.7	0.367	1.476	875.892	0
25/01/2023 00:30			66	10.33	0	0.001	0	16.84	17.05	16.67	0.082	59.4	59.88	58.85	0.24	2.098	3.2	0.95	0.412	1.428	875.8118	0
25/01/2023 00:40			67	10.32	0	0.101	0	16.88	17.12	16.64	0.101	59.08	59.74	58.21	0.437	2.181	3.2	0.95	0.397	1.428	875.7529	0
25/01/2023 00:50			68	10.31	0	0.089	0	16.99	17.19	16.81	0.073	58.47	59.13	57.56	0.387	2.306	3.2	1.7	0.366	1.428	875.7513	0
25/01/2023 01:00			69	10.31	0	0.134	0	17.19	17.53	16.88	0.161	57.05	58.45	55.59	0.82	2.133	2.45	1.7	0.371	1.355	875.7575	0
25/01/2023 01:10			70	10.3	0	0.052	0	17.3	17.56	17.05	0.113	56.78	57.73	55.79	0.431	1.293	2.45	0	0.751	1.379	875.7639	0
25/01/2023 01:20			71	10.3	0	0.176	0	17.55	17.8	17.26	0.127	56.38	57.43	55.38	0.429	1.665	3.2	0	0.439	1.403	875.774	0
25/01/2023 01:30			72	10.29	0	0.117	0	17.56	17.94	17.29	0.173	55.53	57.56	53.37	1.41	1.89	2.45	0.95	0.389	1.355	875.7099	0
25/01/2023 01:40			73	10.28	0	0.18	0	17.73	18.01	17.19	0.206	53.81	56.58	52.45	0.968	2.078	3.2	0	0.524	1.355	875.6152	0
25/01/2023 01:50			74	10.28	0	0.001	0	17.16	17.4	16.95	0.072	55.11	56.2	53.71	0.512	1.24	2.45	0	0.497	1.21	875.6149	0
25/01/2023 02:00			75	10.27	0	0.068	0	17.51	17.74	17.23	0.102	52.59	53.95	51.6	0.633	1.42	2.45	0	0.4	1.331	875.5129	0
25/01/2023 02:10			76	10.25	0	0.041	0	17.77	18.01	17.46	0.127	50.51	52.22	49.76	0.61	0.882	2.45	0	0.698	1.403	875.6178	0
25/01/2023 02:20			77	10.27	0	0.005	0	17.8	17.97	17.63	0.065	50.64	51.74	49.93	0.366	0.324	1.7	0	0.473	1.21	875.6176	0
25/01/2023 02:30			78	10.26	0	0.047	0	17.56	17.8	17.36	0.104	51.51	52.49	50.65	0.477	0.331	1.7	0	0.495	1.21	875.6166	0
25/01/2023 02:40			79	10.25	0	0.138	0	17.46	17.6	17.33	0.055	51.17	52.66	50.34	0.446	1.326	2.45	0	0.415	1.307	875.6219	0
25/01/2023 02:50			80	10.25	0	0.064	0	17.45	17.6	17.29	0.055	50.96	52.22	50.14	0.396	1.352	2.45	0	0.413	1.283	875.6564	0
25/01/2023 03:00			81	10.25	0	0	0	17.22	17.57	16.99	0.142	52.15	53.48	50.72	0.585	0.262	1.7	0	0.478	1.307	875.7844	0
25/01/2023 03:10			82	10.25	0	0.075	0	16.88	17.12	16.71	0.077	52.87	54.09	51.57	0.51	1.211	1.7	0	0.42	1.307	875.885	0
25/01/2023 03:20			83	10.24	0	0.214	0	17.09	17.4	16.85	0.101	50.75	52.62	49.05	0.885	1.606	2.45	0.95	0.403	1.307	875.9098	0
25/01/2023 03:30			84	10.23	0	0.367	0	17.21	17.5	16.92	0.13	48.88	51.33	47.72	0.724	2.141	2.45	1.7	0.369	1.258	875.9507	0
25/01/2023 03:40			85	10.18	0	0.096	0	17.22	17.6	16.92	0.189	48.99	50.55	47.58	0.843	1.913	2.45	0.95	0.377	1.258	875.949	0
25/01/2023 03:50			86	10.2	0	0.001	0	16.79	17.12	16.58	0.127	50.35	51.47	48.91	0.446	0.836	2.45	0	0.608	1.307	875.9489	0
25/01/2023 04:00			87	10.2	0	0.243	0	17.07	17.36	16.68	0.17	47.89	50.17	46.97	0.651	1.527	3.2	0	0.524	1.137	875.9505	0
25/01/2023 04:10			88	10.2	0	0.27	0	17.14	17.29	16.95	0.064	49.8	51.36	48.6	0.705	1.848	3.2	0	0.525	1.137	875.9509	0
25/01/2023 04:20			89	10.19	0	0.197	0	17.1	17.29	16.92	0.074	51.87	53.31	50.51	0.721	1.868	3.2	0.95	0.442	1.307	875.9916	0
25/01/2023 04:30			90	10.18	0	0.025	0	17.16	17.33	16.99	0.066	53.81	54.33	52.93	0.293	1.718	3.2	0	0.542	1.137	876.1063	0
25/01/2023 04:40			91	10.17	0	0.002	0	16.89	17.12	16.68	0.085	53.59	54.6	51.87	0.72	1.851	3.2	0	0.515	1.258	876.1716	0
25/01/2023 04:50			92	10.17	0	0.042	0	16.67	16.88	16.48	0.069	52.54	53.65	51.26	0.538	1.969	3.2	0.95	0.413	1.283	876.1226	0
25/01/2023 05:00			93	10.13	0	0.089	0	16.84	17.19	16.65	0.093	50.81	52.18	48.77	0.898	2.261	3.95	0.95	0.508	1.258	876.2699	0
25/01/2023 05:10			94	10.06	0	0.007	0	16.74	17.12	16.41	0.177	50.19	50.99	48.94	0.44	1.914	3.2	0.95	0.442	1.258	876.2779	0
25/01/2023 05:20			95	9.87	0	0.004	0	16.46	16.68	16.27	0.067	49.24	50.92	48.19	0.666	2.143	3.2	0	0.4	1.162	876.2779	0
25/01/2023 05:30			96	9.7	0	0.012	0	16.67	16.85	16.51	0.06	48.2	48.74	47.72	0.228	1.901	2.45	0.95	0.401	1.162	876.2779	0
25/01/2023 05:40			97	9.62	0	0.001	0	16.51	16.78	16.24	0.14	49.32	50.24	48.3	0.557	1.493	2.45	0	0.376	1.162	876.2861	0
25/01/2023 05:50			98	9.49	0	0.054	0	16.33	16.51	16.13	0.078	50.03	50.72	49.39	0.322	1.974	2.45	0.95	0.405	1.016	876.3519	0
25/01/2023 06:00			99	9.36	0	0.022	0	16.3	16.51	16	0.1	50.2	51.64	49.49	0.516	1.761	2.45	0.95	0.328	1.113	876.4419	0
25/01/2023 06:10			100	9.21	0	0.064	0	16.27	16.51	16.03	0.088	50.23	51.23	49.56	0.389	1.832	2.45	0	0.385	1.089	876.5806	0
25/01/2023 06:20			101	9.04	0	0.033	0	16.29	16.48	16.13	0.066	50.18	51.09	49.45	0.311	1.953	2.45	0.95	0.387	1.065	876.6052	0
25/01/2023 08:10			102	8.89	129.1	459.9	38.91	15.71	16.07	15.42	0.175	54.14	55.32	52.45	0.658	0.924	1.7	0	0.372	1.331	877.8123	0
25/01/2023 08:20			103	10.85	145.4	522.3	43.53	16.35	16.75	16	0.192	51.94	53.17	50.48	0.71	0.985	1.7	0	0.386	1.379	877.9867	0
25/01/2023 08:30			104	10.56	198.3	575.8	48.36	16.98	17.4	16.61	0.178	49.72	50.72	48.3	0.723	0.342	0.95	0	0.456	1.476	878.0756	0
25/01/2023 08:40			105	10.97	234.8	619.5	51.96	17.63	17.97	17.26	0.172	47.91	48.53	47.37	0.299	0	0	0	0	1.573	878.2568	0
25/01/2023 08:50			106	11	273.6	660.8	55.52	18.47	19.23	17.87	0.386	47.32	48.12	46.55	0.353	0.032	0.95	0	0.171	1.5	878.3577	0
25/01/2023 09:00			107	11.04	311.3	690.7	58.93	19.93	20.66	19.16	0.385	46.4	47.95	44.85	0.795	0.128	1.7	0	0.33	1.573	878.4156	0
25/01/2023 09:10			108	11.09	349.8	718.4	61.44	20.78	21.03	20.52	0.12	47.41	48.7	46.24	0.41	0.87	2.45	0	0.652	1.742	878.4798	0
25/01/2023 09:20			109	11.6	390	749.7	63.66	21.26	21.54	20.76	0.201	44.87	47.71	42.12	1.286	1.025	2.45	0	0.525	1.984	878.5041	0
25/01/2023 09:30			110	13.2	425	769.6	65.88	21.72	22.19	21.31	0.174	42.86	45.22	40.99	1.316	0.66	2.45	0	0.696	2.057	878.5009	0
25/01/2023 09:40			111	13.16	460.5	784.2	68.92	22.13	22.43	21.85	0.126	41.2	42.29	39.08	0.715	1.169	3.2	0	0.559	2.105	878.4993	0
25/01/2023 09:50			112	13.13	498.1	807	71.14	22.25	22.67	21.81	0.209	41.26	42.63	39.8	0.641	1.241	3.2	0	0.659	2.226	878.4854	0
25/01/2023 10:00			113	13.1	532.7	825	73.46	23.07	23.76	22.6	0.297	39.12	40.89	36.39	0.93	1.058	2.45	0	0.732	2.25	878.4465	0
25/01/2023 10:10			114	13.08	564.7	836	75.5	23.56	23.76	23.38	0.073	37.9	39.26	36.73	0.688	1.375	2.45	0	0.514	2.274	878.3965	0
25/01/2023 10:20			115	13.07	593.8	846	77.2	24.1	24.54	23.38	0.29	36.95	38.71	35.78	0.677	1.026	3.2	0	0.766	2.395	878.2304	0
25/01/2023 10:30			116	13.06	620.1	846	79.92	24.23	24.5	23.85	0.153	37.39	38.54	36.26	0.56	1.632	3.95	0	0.825	2.468	878.2022	0
25/01/2023 10:40			117	13.06	649.6	853	82.7	23.47	23.92	22.96	0.151	39.21	40.1	38.13	0.4	2.012	3.95	0	0.833	2.516	878.1931	0
25/01/2023 10:50			118	13.06	679.5	866	84.5	22.72	23.37	22.21	0.343	40.69	41.91	39.04	0.682	2.323	4.7	0	1	2.564	878.1483	0
25/01/2023 11:00			119	13.05	702.2	875	85.3	23.64	24.35	22.79	0.376	38.21	40.07	36.45	0.994	1.74	4.7	0	1.048	2.612	878.0669	0
25/01/2023 11:10			120	13.03	726.9	884	86	23.95	24.56	23.33	0.316	37.25	39.01	35.67	0.892	2.002	4.7	0	0.706	2.564	877.918	0
25/01/2023 11:20			121	13.03	747	888	87.9	24.31	24.63	23.67	0.172	36.88	38.6	35.91	0.524	1.988	4.7	0	1.04	2.637	877.8166	0
25/01/2023 11:30			122	13.02	766.9	892	90	24.36	25.21	23.74	0.44	37.2	38.43	35.57	0.633	1.813	3.95	0	0.997	2.637	877.6029	0
25/01/2023 11:40			123	13.02	785	898	91.3	25.14	25.55	24.69	0.215	35.86	36.62	34.75	0.399	1.384	3.2	0	0.862	2.685	877.5673	0
25/01/2023 11:50			124	13	793.5	895	91.7	25.31	25.82	25	0.173	35.43	36.25	34.51	0.373	1.243	3.95	0	1.169	2.636	877.3535	0
25/01/2023 12:00			125	13	804	893	93.4	25.6	26.23	25	0.344	34.62	36.45	33.42	0.707	1.88	4.7	0	1.248	2.757	877.2206	0
25/01/2023 12:10			126	13	820	899	94.4	24.81	25.27	24.04	0.216	35.64	36.69	34.75	0.398	3.347	5.45	0	1.057	2.806	876.9738	0
25/01/2023 12:20			127	12.99	826	902	94.1	24.64	25.44	23.87	0.397	35.95	37.88	34.71	0.767	1.704	4.7	0	1.181	2.685	876.7504	0
25/01/2023 12:30			128	13	834	907	93	25.69	26.16	24.9	0.323	33.9	35.26	32.98	0.68	1.717	4.7	0	0.812	2.661	876.5137	0
25/01/2023 12:40			129	12.99	838	910	93	25.28	26.22	24.69	0.44	34.67	35.7	33.15	0.681	1.424	3.95	0	0.85	2.782	876.267	0
25/01/2023 12:50			130	12.93	843	914	92.5	26.2	26.53	25.85	0.171	33.15	33.96	32.43	0.334	1.785	3.95	0	0.938	2.757	876.0406	0
25/01/2023 13:00			131	12.97	848	918	92.7	25.55	26.36	24.73	0.532	33.86	35.29	32.5	0.778	2.781	5.45	0	1.003	2.781	875.8337	0
25/01/2023 13:10			132	12.95	842	917	93.1	25.4	26.05	24.76	0.417	33.98	35.19	32.6	0.649	1.8	3.95	0	0.639	2.83	875.6047	0
25/01/2023 13:20			133	13	830	907	93.9	26.74	27.35	25.95	0.379	31.65	33.45	30.76	0.607	0.898	2.45	0	0.701	2.83	875.3676	0
25/01/2023 13:30			134	13	820	898	95.5	27.53	27.89	27.14	0.18	30.85	31.61	30.18	0.3	1.696	3.95	0	0.893	2.781	875.2333	0
25/01/2023 13:40			135	13	815	899	94.9	27.08	27.35	26.84	0.11	30.95	31.85	30.22	0.353	1.343	3.95	0	0.999	2.927	875.139	0
25/01/2023 13:50			136	12.99	803	897	94.3	27.44	28.2	26.87	0.39	30.38	31.27	28.99	0.491	1.542	6.2	0	1.085	2.902	874.933	0
25/01/2023 14:00			137	12.99	790.7	892	93.5	27.35	28.1	26.73	0.324	30.17	31.78	28.89	0.811	1.917	4.7	0	1.336	2.951	874.7775	0
25/01/2023 14:10			138	12.98	771.3	892	90.5	28.43	28.98	28	0.262	28.48	29.43	26.44	0.699	1.042	3.2	0	0.833	2.902	874.6551	0
25/01/2023 14:20			139	12.97	754.2	888	87.8	28.04	28.95	27.59	0.385	28.08	28.99	26.81	0.493	1.294	3.2	0	0.869	2.951	874.565	0
25/01/2023 14:30			140	12.97	735.2	883	87.9	28.18	28.61	27.65	0.259	28.44	29.02	27.66	0.288	1.588	4.7	0	1.092	2.999	874.4016	0
25/01/2023 14:40			141	12.96	709.5	867	87.2	28.46	28.95	28	0.258	27.95	28.85	27.12	0.474	1.852	3.95	0	0.823	2.902	874.295	0
25/01/2023 14:50			142	12.96	692	870	85.9	27.86	28.64	27.42	0.348	28.44	29.02	27.59	0.364	1.268	3.95	0	1.077	2.854	874.1234	0
25/01/2023 15:00			143	12.96	660.2	859	83.3	28.68	29.56	27.65	0.5	27.43	28.75	25.99	0.775	1.233	3.2	0	0.964	3.048	873.9602	0
25/01/2023 15:10			144	12.95	630.3	850	80.7	29.73	30.58	29.26	0.398	25.83	26.44	24.77	0.466	0.555	3.95	0	0.926	2.975	873.9601	0
25/01/2023 15:20			145	12.95	607.8	844	79.96	29.05	29.8	28.64	0.212	26.43	27.01	25.65	0.271	2.05	5.45	0	1.424	3.023	873.9192	0
25/01/2023 15:30			146	12.94	583.2	842	79.18	29	29.7	28.37	0.399	26.67	27.39	25.86	0.284	2.478	4.7	0	0.953	2.951	873.7967	0
25/01/2023 15:40			147	12.94	550.6	829	76.84	29.8	30.14	29.32	0.17	25.54	26.16	24.73	0.295	2.28	4.7	0	1.077	2.951	873.7803	0
25/01/2023 15:50			148	12.94	517.2	819	73.73	29.82	30.28	29.32	0.215	25.41	26.13	24.7	0.318	1.494	3.95	0	0.891	3.023	873.6983	0
25/01/2023 16:00			149	12.94	484.6	808	71.3	29.45	30.28	29.05	0.255	25.32	26.44	24.32	0.423	1.495	3.95	0	1.105	3.023	873.6414	0
25/01/2023 16:10			150	12.94	451.4	798	68.1	29.97	30.31	29.43	0.176	24.66	25.52	23.74	0.356	1.542	3.95	0	0.927	2.902	873.6332	0
25/01/2023 16:20			151	12.94	416.1	778.8	65.8	29.87	30.45	29.19	0.345	24.8	26.16	23.34	0.926	1.439	3.2	0	0.86	2.999	873.6251	0
25/01/2023 16:30			152	12.93	376.9	756.3	62.86	30.53	30.79	30.24	0.125	23.47	24.12	22.21	0.353	1.352	3.95	0	0.855	2.975	873.6353	0
25/01/2023 16:40			153	12.94	338.6	726.7	60.4	29.91	30.52	29.53	0.175	23.07	23.71	22.38	0.287	1.746	3.95	0	0.916	3.023	873.6185	0
25/01/2023 16:50			154	12.96	298.8	701.5	56.16	29.94	30.58	29.26	0.458	23.08	24.05	22.18	0.549	0.814	2.45	0	0.733	3.072	873.6251	0
25/01/2023 17:00			155	12.95	260.1	673.7	52.62	29.95	30.52	29.32	0.322	23.09	23.91	22.38	0.345	0.313	1.7	0	0.525	3.096	873.6273	0
25/01/2023 17:10			156	12.94	221.7	636.2	48.71	30.35	30.65	30.11	0.125	23.01	23.71	22.38	0.354	0.197	2.45	0	0.467	2.951	873.6379	0
25/01/2023 17:20			157	12.79	187.3	599.1	44.68	30.28	30.52	30.04	0.086	22.69	23.2	22.14	0.193	0.782	2.45	0	0.693	2.999	873.6583	0
25/01/2023 17:30			158	12.75	148.8	543.9	40.1	29.99	30.55	29.66	0.221	22.38	22.96	22.04	0.229	0.853	3.2	0	0.774	2.975	873.6823	0
25/01/2023 17:40			159	12.76	114.2	486.7	35.11	29.52	30.18	29.22	0.187	22.92	23.57	22.14	0.233	1.555	3.2	0	0.737	2.927	873.6592	0
25/01/2023 17:50			160	12.71	80.4	401.7	29.45	29.03	29.43	28.68	0.154	23.04	23.51	22.76	0.134	0.736	2.45	0	0.758	2.975	873.6526	0
25/01/2023 18:00			161	12.67	50.25	300.4	21.74	29.06	29.36	28.65	0.155	23.16	23.78	22.59	0.338	0.406	1.7	0	0.535	2.854	873.6646	0
25/01/2023 18:10			162	12.64	25.46	157.5	13.95	28.56	28.75	28.24	0.105	23.81	24.67	23.41	0.275	0.008	0.95	0	0.086	2.83	873.6515	0
25/01/2023 18:20			163	12.61	9.37	8.45	6.077	27.82	28.34	27.32	0.263	25.51	26.57	24.63	0.504	0	0	0	0	2.782	873.6174	0
25/01/2023 18:30			164	12.59	1.531	0.006	0.332	27.04	27.46	26.64	0.211	26.93	27.97	26.2	0.378	0	0	0	0	2.685	873.4968	0
25/01/2023 18:40			165	12.6	0	0.001	0	26.25	26.81	25.59	0.321	29.12	30.97	27.49	0.977	0	0	0	0	2.637	873.4998	0
25/01/2023 18:50			166	12.59	0	0	0	25.11	25.66	24.6	0.29	31.59	32.71	30.36	0.474	0.504	1.7	0	0.594	2.734	873.5643	0
25/01/2023 19:00			167	12.58	0	0.007	0	24.27	24.71	23.85	0.214	32.65	33.9	31.72	0.376	1.805	2.45	0	0.51	2.661	873.7219	0
25/01/2023 19:10			168	12.56	0	0.015	0	23.81	23.96	23.65	0.053	33.27	34.18	32.4	0.319	2.541	3.2	1.7	0.36	2.589	873.8585	0
25/01/2023 19:20			169	12.46	0	0.007	0	23.43	23.79	22.94	0.206	34.51	36.32	33.53	0.614	2.821	3.2	2.45	0.375	2.54	873.9681	0
25/01/2023 19:30			170	12.36	0	0	0	22.54	23.04	22.26	0.215	36.91	37.62	35.47	0.481	2.835	3.95	1.7	0.446	2.492	874.0945	0
25/01/2023 19:40			171	12.27	0	0.001	0	22.04	22.36	21.68	0.188	37.95	39.05	36.84	0.659	2.7	3.95	0.95	0.613	2.444	874.2006	0
25/01/2023 19:50			172	12.19	0	0.006	0	21.76	21.95	21.61	0.061	38.18	39.02	37.52	0.416	2.51	3.95	0.95	0.594	2.226	874.2906	0
25/01/2023 20:00			173	12.03	0	0.022	0	21.89	22.02	21.71	0.054	37.78	38.1	37.42	0.123	2.638	3.95	0	0.644	2.347	874.4393	0
25/01/2023 20:10			174	11.88	0	0.016	0	21.91	22.05	21.78	0.043	37.95	38.37	37.52	0.139	2.294	3.95	0	0.627	2.347	874.5374	0
25/01/2023 20:20			175	11.53	0	0.006	0	21.76	21.99	21.58	0.072	38.58	39.33	38.03	0.282	1.665	3.2	0	0.662	2.226	874.611	0
25/01/2023 20:30			176	11.01	0	0.007	0	21.61	21.75	21.41	0.062	39.25	40.11	38.85	0.238	1.271	3.2	0	0.771	2.081	874.8155	0
25/01/2023 20:40			177	10.54	0	0	0	21.21	21.61	21	0.119	40.51	41.06	39.73	0.284	0.473	1.7	0	0.548	1.815	874.9217	0
25/01/2023 20:50			178	10.61	0	0.007	0	21.07	21.2	20.93	0.049	40.74	41.1	40.42	0.12	0.597	1.7	0	0.552	1.936	875.0117	0
25/01/2023 21:00			179	10.56	0	0.022	0	21.04	21.2	20.9	0.06	40.75	41.23	40.45	0.13	1.215	2.45	0	0.429	1.911	875.077	0
25/01/2023 21:10			180	10.26	0	0.002	0	20.75	21.03	20.56	0.101	41.48	41.88	40.96	0.196	0.573	1.7	0	0.597	1.694	875.1508	0
25/01/2023 21:20			181	10.22	0	0.208	0	20.64	20.9	20.45	0.069	41.52	42.63	39.97	0.64	1.841	3.95	0	1.425	1.766	875.2405	0
25/01/2023 21:30			182	10.16	0	0.149	0	21.03	21.24	20.76	0.116	39.91	40.45	39.39	0.275	1.562	3.95	0	0.808	1.694	875.3472	0
25/01/2023 21:40			183	10.59	0	0.007	0	20.81	21.1	20.62	0.106	40.74	41.34	40.28	0.234	1.013	2.45	0	0.619	1.742	875.4451	0
25/01/2023 21:50			184	10.58	0	0.139	0	20.6	20.79	20.45	0.05	41.25	41.64	40.86	0.181	1.859	2.45	0.95	0.392	1.79	875.5433	0
25/01/2023 22:00			185	10.56	0	0.008	0	20.42	20.62	20.25	0.066	41.77	42.32	41.2	0.262	1.591	2.45	0	0.49	1.548	875.5595	0
25/01/2023 22:10			186	10.56	0	0.006	0	20.24	20.56	19.57	0.306	42.94	45.8	41.64	1.301	1.071	2.45	0	0.584	1.548	875.5677	0
25/01/2023 22:20			187	10.54	0	0.002	0	20.1	20.28	19.91	0.072	43.29	44.3	42.66	0.346	0.46	1.7	0	0.574	1.718	875.6743	0
25/01/2023 22:30			188	10.53	0	0.016	0	20.24	20.35	20.08	0.051	42.7	43.31	42.29	0.205	0.911	1.7	0	0.39	1.694	875.7559	0
25/01/2023 22:40			189	10.51	0	0.009	0	19.9	20.28	19.46	0.22	44.02	45.36	42.53	0.89	1.124	1.7	0	0.465	1.669	875.8377	0
25/01/2023 22:50			190	10.49	0	0.001	0	19.39	19.67	19.09	0.139	45.76	46.79	44.57	0.585	1.683	2.45	0.95	0.38	1.645	875.8867	0
25/01/2023 23:00			191	10.43	0	0.007	0	19.02	19.29	18.78	0.138	47.04	48.08	45.9	0.592	1.93	2.45	0.95	0.351	1.597	875.8867	0
25/01/2023 23:10			192	10.39	0	0.004	0	18.84	19.09	18.68	0.076	47.41	48.08	46.52	0.352	1.758	2.45	0.95	0.333	1.573	875.8867	0
25/01/2023 23:20			193	10.36	0	0.005	0	18.97	19.16	18.78	0.077	47.07	48.39	46.21	0.462	1.312	2.45	0	0.408	1.573	875.8867	0
25/01/2023 23:30			194	10.33	0	0.002	0	18.81	19.09	18.54	0.118	47.5	48.66	46.24	0.46	1.187	1.7	0	0.371	1.524	875.8867	0
25/01/2023 23:40			195	10.32	0	0.213	0	19.1	19.43	18.72	0.168	45.51	46.65	44.51	0.546	1.546	2.45	0.95	0.346	1.524	875.8949	0
25/01/2023 23:50			196	10.33	0	0.001	0	18.63	18.85	18.44	0.083	46.52	47.47	45.8	0.438	1.027	2.45	0	0.723	1.548	875.9934	0
26/01/2023 00:00			197	10.31	0	0	0	18.5	18.65	18.34	0.061	47.28	48.59	46.11	0.621	0.09	0.95	0	0.279	1.524	876.2057	0
26/01/2023 00:10			198	10.31	0	0.13	0	18.35	18.51	17.97	0.107	48.57	50.71	47.37	0.832	0.808	3.2	0	1.025	1.476	876.2957	0
26/01/2023 00:20			199	10.3	0	0.338	0	18.09	18.51	17.83	0.168	48.56	50.64	46.96	1.084	2.015	3.2	0.95	0.44	1.5	876.3467	0
26/01/2023 00:30			200	10.29	0	0.216	0	18.44	18.75	18.14	0.165	47.2	48.6	45.97	0.759	1.993	2.45	0.95	0.371	1.476	876.3826	0
26/01/2023 00:40			201	10.28	0	0.12	0	18.33	18.65	18.03	0.148	47.95	50.03	46.58	0.892	1.925	3.2	0	0.68	1.428	876.5012	0
26/01/2023 00:50			202	10.27	0	0.277	0	18.76	19.4	18.2	0.314	46.14	47.64	44.27	1.019	2.518	3.2	1.7	0.426	1.452	876.5413	0
26/01/2023 01:00			203	10.24	0	0.35	0	19.52	19.77	19.29	0.091	44.06	44.85	43.48	0.234	2.519	3.95	0	0.546	1.428	876.5438	0
26/01/2023 01:10			204	10.27	0	0.134	0	19.42	19.6	19.26	0.067	44.79	45.46	44.23	0.248	2.283	3.2	1.7	0.409	1.476	876.6273	0
26/01/2023 01:20			205	10.28	0	0.151	0	19.58	19.98	19.23	0.184	44.33	45.29	43.28	0.505	1.951	2.45	0.95	0.364	1.452	876.73	0
26/01/2023 01:30			206	10.25	0	0.019	0	19.22	19.7	18.78	0.273	45.37	46.96	43.86	0.824	2.274	3.2	1.7	0.441	1.5	876.8358	0
26/01/2023 01:40			207	10.27	0	0.09	0	18.82	19.19	18.51	0.163	46.32	48.15	45.05	0.75	2.608	3.2	1.7	0.41	1.476	876.8602	0
26/01/2023 01:50			208	10.24	0	0.003	0	18.68	19.26	18.37	0.207	46.97	48.12	45.08	0.744	2.505	3.95	0.95	0.591	1.476	876.8273	0
26/01/2023 02:00			209	10.23	0	0.001	0	18.88	19.12	18.54	0.093	46.82	47.37	46.31	0.23	1.257	1.7	0	0.4	1.5	876.7786	0
26/01/2023 02:10			210	10.22	0	0	0	18.35	18.85	17.86	0.26	48.71	50.37	47.03	0.875	2.18	3.2	0.95	0.427	1.307	876.7864	0
26/01/2023 02:20			211	10.21	0	0.008	0	17.91	18.1	17.76	0.075	50.15	50.74	49.68	0.195	2.148	3.2	0.95	0.534	1.476	876.7455	0
26/01/2023 02:30			212	10.24	0	0	0	17.73	17.93	17.45	0.078	51.34	52.07	50.6	0.312	0.491	1.7	0	0.522	1.331	876.7048	0
26/01/2023 02:40			213	10.21	0	0.038	0	17.68	17.86	17.49	0.076	51.69	52.31	51.08	0.375	1.162	2.45	0	0.51	1.307	876.672	0
26/01/2023 02:50			214	10.21	0	0.028	0	17.53	18.07	16.7	0.436	52.65	55.61	50.47	1.754	1.752	2.45	0	0.465	1.428	876.5659	0
26/01/2023 03:00			215	9.83	0	0.03	0	17.1	17.45	16.67	0.168	53.83	55.72	52.75	0.651	2.019	3.2	0.95	0.473	1.428	876.6394	0
26/01/2023 03:10			216	10.1	0	0.001	0	16.89	17.22	16.54	0.137	54.85	56.19	53.84	0.534	2.283	3.2	0.95	0.424	1.379	876.6763	0
26/01/2023 03:20			217	9.77	0	0.085	0	16.76	17.35	16.33	0.316	54.77	56.6	52.65	1.427	1.97	3.2	0	0.507	1.355	876.635	0
26/01/2023 03:30			218	9.6	0	0.085	0	17.29	17.52	17.05	0.101	52.8	53.74	51.83	0.455	1.609	2.45	0.95	0.385	1.161	876.7061	0
26/01/2023 03:40			219	9.42	0	0.001	0	16.95	17.18	16.71	0.083	54.03	54.83	53.4	0.299	0.991	1.7	0	0.398	1.258	876.816	0
26/01/2023 03:50			220	9.16	0	0.071	0	16.97	17.26	16.68	0.153	53.59	55.01	52.62	0.697	1.483	2.45	0.95	0.379	1.21	876.9011	0
26/01/2023 04:00			221	8.98	0	0.192	0	17.19	17.36	17.02	0.07	52.61	53.23	52.21	0.219	1.664	2.45	0.95	0.34	1.21	876.9094	0
26/01/2023 08:30			222	8.88	173.3	215.3	101.6	18.46	18.86	18.08	0.191	56.8	58.18	55.96	0.478	0.985	2.45	0	0.651	1.597	879.6297	0
26/01/2023 08:40			223	10.99	260.7	495.8	102.4	19.21	19.64	18.72	0.235	54.69	56.27	53.4	0.745	0	0	0	0	1.5	879.8656	0
26/01/2023 08:50			224	10.98	286.7	554.3	94.3	20.11	20.66	19.5	0.294	52.26	53.81	51.22	0.824	0	0	0	0	1.597	879.97	0
26/01/2023 09:00			225	10.99	316.9	594.5	88.9	20.93	21.31	20.52	0.177	51.29	53.06	50.03	0.755	0.676	2.45	0	0.726	1.694	879.9846	0
26/01/2023 09:10			226	11	348.7	610	92.8	21.47	21.95	20.93	0.266	51.17	52.34	50.37	0.524	0.978	2.45	0	0.718	1.742	880.0419	0
26/01/2023 09:20			227	11.03	377.9	604	101.7	21.9	22.33	21.65	0.116	50.47	51.08	49.31	0.368	1.581	3.2	0	0.701	2.081	880.0746	0
26/01/2023 09:30			228	13.18	424.4	635.3	112.9	21.89	22.43	21.34	0.374	50.51	52.17	49	0.997	1.698	3.2	0	0.665	2.178	880.1398	0
26/01/2023 09:40			229	13.14	455.1	640.7	120	22	22.63	21.27	0.385	50.14	52.17	48.42	1.056	1.547	3.95	0	0.756	2.226	880.1373	0
26/01/2023 09:50			230	13.12	485.2	647.4	125.9	22.42	23.01	21.92	0.344	48.94	50.43	47.2	0.922	1.437	3.95	0	0.705	2.323	880.1234	0
26/01/2023 10:00			231	13.1	525.3	679.2	129	23.44	23.93	22.9	0.28	46.32	47.91	44.84	0.67	1.327	3.2	0	0.767	2.371	880.0417	0
26/01/2023 10:10			232	13.09	543.7	669.7	132.7	23.51	23.99	23.07	0.213	46.47	47.67	44.81	0.744	1.528	3.2	0	0.847	2.419	879.9798	0
26/01/2023 10:20			233	13.08	594.1	728.5	130.2	23.71	24.06	23.38	0.165	46.24	47.4	44.98	0.631	1.923	3.95	0	0.761	2.371	879.9811	0
26/01/2023 10:30			234	13.06	607.5	692.1	144.3	23.52	23.78	23.24	0.109	46.56	47.74	45.8	0.408	1.566	3.95	0	0.845	2.492	880.0087	0
26/01/2023 10:40			235	13.05	664.1	698.9	170.3	23.88	24.16	23.61	0.138	46.22	47.33	45.11	0.51	2.192	5.45	0	1.313	2.564	879.9984	0
26/01/2023 10:50			236	13.04	513.7	333.7	211.5	23.19	23.78	22.72	0.285	47.88	49.06	46.3	0.757	2.338	5.45	0	0.983	2.564	880.0067	0
26/01/2023 11:00			237	13.05	743.6	608.5	251.8	23.65	24.63	22.89	0.473	46.97	48.79	44.9	1.036	1.519	4.7	0	1.04	2.588	879.9249	0
26/01/2023 11:10			238	13.04	861	680.8	294.4	24.8	25.21	24.19	0.26	44.47	46.5	43.06	0.717	2.014	4.7	0	0.874	2.54	879.8628	0
26/01/2023 11:20			239	13.03	566.5	253.1	293.1	24.77	25.24	24.25	0.22	44.42	45.75	43.16	0.542	1.21	3.95	0	0.911	2.685	879.7228	0
26/01/2023 11:30			240	13.02	652.2	429.5	242	24.09	24.59	23.5	0.272	46.11	47.39	44.63	0.8	1.852	4.7	0	1.152	2.588	879.5652	0
26/01/2023 11:40			241	13.02	737.2	620	212.8	24.06	24.73	23.57	0.33	46.33	47.39	44.8	0.699	1.735	3.95	0	0.741	2.612	879.4473	0
26/01/2023 11:50			242	13.02	824	743.2	210.6	25.02	25.48	24.56	0.241	43.99	45.38	42.55	0.607	1.513	3.95	0	0.857	2.782	879.2347	0
26/01/2023 12:00			243	13	817	791.4	165.8	25.02	25.82	24.45	0.395	43.92	46.02	41.7	1.026	1.4	3.95	0	0.979	2.83	879.0165	0
26/01/2023 12:10			244	13	836	810	164.7	25.79	26.36	25.2	0.307	42.33	43.61	40.88	0.613	1.457	3.95	0	0.761	2.733	878.8418	0
26/01/2023 12:20			245	13	876	814	184.9	25.72	26.06	25.3	0.175	42.07	43.13	40.91	0.44	2.362	4.7	0	1.032	2.757	878.6082	0
26/01/2023 12:30			246	12.99	873	776.4	204.8	25.54	26.02	25.24	0.147	42.57	43.54	41.39	0.454	2.201	4.7	0	0.94	2.951	878.4174	0
26/01/2023 12:40			247	12.98	562.7	288.4	257.5	25.78	25.99	25.51	0.087	42.36	43.16	41.46	0.407	1.726	4.7	0	1.099	2.83	878.2052	0
26/01/2023 12:50			248	12.99	759.6	596.9	227.7	25.66	25.95	25.47	0.087	42.39	43.67	41.08	0.628	2.409	4.7	0	1.037	2.83	877.9661	0
26/01/2023 13:00			249	12.99	863	826	166.4	25.6	26.39	24.72	0.54	40.76	42.58	38.8	1.003	1.423	3.95	0	0.815	2.757	877.7451	0
26/01/2023 13:10			250	12.98	831	784.7	165.3	25.24	25.71	24.73	0.259	42.35	43.43	41.6	0.433	1.554	3.95	0	0.833	2.975	877.5299	0
26/01/2023 13:20			251	12.95	659.3	578.6	156.4	25.3	25.68	24.86	0.206	42.91	43.98	41.94	0.528	1.873	3.95	0	0.961	2.975	877.3311	0
26/01/2023 13:30			252	12.97	839	815	155.5	25.61	26.57	24.9	0.54	42.06	43.74	39.79	1.213	1.353	4.7	0	1.074	2.782	877.0699	0
26/01/2023 13:40			253	13	828	820	150.9	26.74	27.21	25.65	0.38	39.27	41.53	38.09	0.696	1.762	3.95	0	1.07	2.757	876.8668	0
26/01/2023 13:50			254	12.99	816	825	147.7	26.42	27.25	25.71	0.512	39.81	41.49	37.81	1.041	1.051	3.95	0	0.972	2.781	876.6841	0
26/01/2023 14:00			255	12.98	798	825	142.9	27.2	27.96	26.46	0.407	37.94	39.45	36.48	0.722	1.004	4.7	0	1.067	2.83	876.5355	0
26/01/2023 14:10			256	12.97	787.5	819	143.9	27.13	27.59	26.74	0.196	38.51	39.52	37.37	0.454	1.943	5.45	0	1.072	2.975	876.3905	0
26/01/2023 14:20			257	12.97	777.7	813	148.1	27.79	28.06	27.11	0.163	36.73	37.78	35.63	0.439	1.438	3.95	0	0.882	2.83	876.2338	0
26/01/2023 14:30			258	12.98	755	786.3	153.2	26.77	27.14	26.33	0.199	38.43	39.11	37.3	0.415	1.646	3.95	0	1.011	3.072	876.0938	0
26/01/2023 14:40			259	12.97	260.6	82.6	154.9	25.96	26.7	25.58	0.284	40.2	41.19	37.88	0.879	1.615	3.95	0	1.04	2.927	875.9247	0
26/01/2023 14:50			260	12.97	323.5	189.1	153.1	25.62	26.22	25.13	0.305	41.05	42.28	39.69	0.692	1.371	3.2	0	0.653	2.878	875.6945	0
26/01/2023 15:00			261	12.99	701.5	766.9	166.7	26.47	26.94	25.65	0.317	38.94	40.71	37.37	0.779	1.288	3.2	0	0.85	3.072	875.4189	0
26/01/2023 15:10			262	12.99	675.2	775.7	155	27.67	28.34	26.67	0.414	36.63	38.53	35.19	0.808	1.244	3.95	0	0.91	2.806	875.4288	0
26/01/2023 15:20			263	12.98	663	773.9	161.6	27.09	28.23	26.67	0.39	37.42	38.56	35.29	0.736	1.61	3.95	0	0.841	3.023	875.4083	0
26/01/2023 15:30			264	12.97	621.8	755.5	155.2	28.15	29.33	27.55	0.393	34.99	36.72	31.51	1.207	1.527	4.7	0	1.133	2.878	875.2739	0
26/01/2023 15:40			265	12.95	475.4	571.6	130.4	28.94	29.87	27.45	0.722	32.73	35.22	31.38	1.108	2.043	4.7	0	1.103	2.854	875.2725	0
26/01/2023 15:50			266	12.92	323.4	356.9	112	27.54	27.89	27.14	0.167	35.45	36.62	34.37	0.452	1.445	3.2	0	0.759	2.927	875.195	0
26/01/2023 16:00			267	12.99	444.5	647.7	102.5	28.42	29.26	27.52	0.554	33.74	35.22	32.16	0.964	1.082	3.2	0	0.71	2.878	875.1096	0
26/01/2023 16:10			268	12.86	150.9	100.8	85.4	27.53	29.29	26.5	0.831	35.28	37.23	31.65	1.705	2.303	3.95	0	0.75	2.878	875.1127	0
26/01/2023 16:20			269	12.83	91.2	0.897	74.92	26.02	26.63	25.75	0.19	37.19	38.12	36.04	0.438	1.391	2.45	0	0.746	2.854	875.0034	0
26/01/2023 16:30			270	12.79	82.7	0.296	70.22	25.76	25.99	25.55	0.101	37.79	38.7	36.96	0.332	1.097	2.45	0	0.626	2.83	874.8456	0
26/01/2023 16:40			271	12.73	74.95	0.142	63.81	25.65	25.82	25.51	0.079	36.74	38.05	35.74	0.563	0.987	2.45	0	0.645	2.806	874.8875	0
26/01/2023 16:50			272	12.72	71.69	0.167	61.45	25.76	25.89	25.65	0.044	36.37	36.86	36.01	0.201	0.478	2.45	0	0.592	2.685	874.9345	0
26/01/2023 17:00			273	12.71	118.9	164	60.38	25.92	26.58	25.65	0.197	36.33	36.93	35.27	0.342	0.024	0.95	0	0.148	2.758	874.9474	0
26/01/2023 17:10			274	13.07	213.5	535.3	63.44	27.23	28.01	26.51	0.36	33.94	35.71	32.88	0.763	0.441	2.45	0	0.566	2.758	875.0164	0
26/01/2023 17:20			275	12.84	187.6	538.1	57.86	28.24	28.59	27.87	0.196	32.19	33.46	31.59	0.414	0.262	1.7	0	0.525	2.588	875.0488	0
26/01/2023 17:30			276	12.75	154.3	514.4	50.21	28.49	28.86	28.04	0.196	30.84	32.1	30.12	0.476	0.065	1.7	0	0.257	2.588	875.1266	0
26/01/2023 17:40			277	12.71	120.8	470.7	43.41	28.14	28.56	27.84	0.196	30.99	31.76	30.02	0.294	0.701	2.45	0	0.731	2.661	875.1767	0
26/01/2023 17:50			0	12.69	82.4	383.2	34.55	27.25	27.98	26.89	0.282	30.95	31.76	29.98	0.471	1.709	3.2	0	0.755	2.564	853.0168	0
26/01/2023 18:00			1	12.63	57.67	311	27.32	26.77	27.06	26.48	0.121	31.5	32.13	30.91	0.283	2.306	4.7	0.95	0.647	2.516	875.1934	0
26/01/2023 18:10			2	12.44	30.04	178.6	17.5	26.57	26.75	26.38	0.079	32.08	32.58	31.55	0.249	1.211	2.45	0	0.482	2.468	875.1947	0
26/01/2023 18:20			3	12.63	10.55	11.97	7.445	26.08	26.51	25.69	0.229	33.26	34.45	32.34	0.539	0.316	1.7	0	0.464	2.468	875.2014	0
26/01/2023 18:30			4	12.66	1.799	0	0.522	25.41	25.87	24.95	0.219	34.94	36.63	33.87	0.677	0	0	0	0	2.492	875.2192	0
26/01/2023 18:40			5	12.64	0	0.001	0	24.74	25.08	24.5	0.106	36.41	37.69	35.71	0.467	0.01	0.95	0	0.095	2.589	875.2877	0
26/01/2023 18:50			6	12.63	0	0.005	0	24.38	24.67	24.13	0.121	37.26	38.4	36.36	0.421	0	0	0	0	2.565	875.4241	0
26/01/2023 19:00			7	12.61	0	0.001	0	23.74	24.3	23.21	0.35	39.68	41.78	37.38	1.213	1.06	1.7	0	0.459	2.516	875.5449	0
26/01/2023 19:10			8	12.54	0	0.003	0	23.16	23.48	22.36	0.277	41.01	44.03	39.19	1.208	1.606	3.2	0.95	0.612	2.516	875.6182	0
26/01/2023 19:20			9	12.39	0	0	0	21.81	22.43	21.51	0.215	45.33	46.28	43.62	0.556	2.884	3.95	1.7	0.438	2.25	875.7861	0
26/01/2023 19:30			10	12.3	0	0	0	21.29	21.65	21.03	0.137	47.26	48.08	46.04	0.574	2.564	3.95	0.95	0.528	2.444	875.9193	0
26/01/2023 19:40			11	12.18	0	0.008	0	21.19	21.34	21.03	0.053	48.02	48.22	47.81	0.071	2.94	3.95	1.7	0.553	2.347	876.0013	0
26/01/2023 19:50			12	12	0	0.009	0	21.17	21.34	20.9	0.096	48.4	49.04	47.91	0.314	2.979	4.7	1.7	0.578	2.299	876.0829	0
26/01/2023 20:00			13	11.74	0	0.003	0	20.91	21.07	20.79	0.051	49.06	49.28	48.7	0.095	2.531	3.95	0.95	0.623	2.202	876.1732	0
26/01/2023 20:10			14	11.47	0	0.01	0	20.92	21.03	20.76	0.044	48.75	49.21	48.36	0.178	2.628	3.95	0.95	0.635	2.105	876.124	0
26/01/2023 20:20			15	10.92	0	0.007	0	20.73	20.96	20.45	0.128	49.04	49.79	48.49	0.308	2.814	4.7	0.95	0.669	1.96	876.3448	0
26/01/2023 20:30			16	10.62	0	0.007	0	20.46	20.62	20.32	0.052	49.67	50.03	49.21	0.181	2.693	3.95	0.95	0.584	1.887	876.5085	0
26/01/2023 20:40			17	10.68	0	0.02	0	20.56	20.69	20.45	0.044	49.22	49.51	48.87	0.13	2.652	4.7	0	0.692	1.887	876.5493	0
26/01/2023 20:50			18	10.66	0	0.003	0	20.6	20.73	20.45	0.046	48.95	49.41	48.53	0.129	1.919	3.95	0	0.671	1.718	876.6474	0
26/01/2023 21:00			19	10.66	0	0.002	0	20.5	20.62	20.39	0.047	48.81	49.58	47.88	0.323	0.69	2.45	0	0.667	1.815	876.8112	0
26/01/2023 21:10			20	10.66	0	0	0	20.34	20.56	20.11	0.089	48.6	50.16	48.05	0.439	0.441	1.7	0	0.554	1.863	876.8929	0
26/01/2023 21:20			21	10.66	0	0.106	0	20.2	20.45	20.01	0.11	48.26	50.37	46.58	1.169	0.816	2.45	0	0.755	1.766	877.0317	0
26/01/2023 21:30			22	10.64	0	0.029	0	20.17	20.49	19.74	0.195	47.59	49.14	46.14	0.808	1.402	2.45	0	0.474	1.742	877.0891	0
26/01/2023 21:40			23	10.64	0	0.034	0	19.82	20.08	19.64	0.072	47.41	49	45.73	0.67	1.796	3.2	0.95	0.359	1.766	877.1545	0
26/01/2023 21:50			24	10.64	0	0.023	0	20.11	20.28	19.91	0.078	45.69	47.44	44.85	0.515	1.674	2.45	0.95	0.327	1.694	877.2036	0
26/01/2023 22:00			25	10.63	0	0.024	0	19.96	20.18	19.74	0.103	46.56	48.01	45.36	0.59	0.786	3.2	0	0.813	1.573	877.3102	0
26/01/2023 22:10			26	10.62	0	0.044	0	19.43	19.91	18.99	0.238	51.49	53.13	47.91	1.456	1.513	3.95	0	1.123	1.621	877.5224	0
26/01/2023 22:20			27	10.62	0	0.005	0	19.2	19.57	18.95	0.155	52.43	53.26	50.16	0.725	0.278	1.7	0	0.468	1.524	877.5471	0
26/01/2023 22:30			28	10.61	0	0.259	0	19.78	20.28	19.4	0.22	49.98	51.87	47.47	1.143	1.469	3.2	0	0.767	1.669	877.6779	0
26/01/2023 22:40			29	10.59	0	0.192	0	19.94	20.28	19.57	0.196	48.19	50.43	45.73	1.262	1.685	2.45	0.95	0.392	1.621	877.6859	0
26/01/2023 22:50			30	10.56	0	0.257	0	20.42	20.66	20.18	0.125	45	46.24	43.82	0.667	1.79	2.45	0.95	0.387	1.645	877.7106	0
26/01/2023 23:00			31	10.51	0	0.071	0	20.27	20.45	20.08	0.074	44.55	45.97	43.48	0.615	1.97	3.2	0.95	0.513	1.669	877.7924	0
26/01/2023 23:10			32	10.47	0	0.088	0	20.02	20.49	19.74	0.19	46.15	48.01	43.62	0.976	1.898	3.95	0	1.077	1.597	877.9726	0
26/01/2023 23:20			33	10.46	0	0.017	0	19.84	20.11	19.67	0.071	45.76	46.38	44.98	0.313	1.648	3.2	0.95	0.515	1.597	878.1522	0
26/01/2023 23:30			34	10.44	0	0	0	19.64	20.01	19.33	0.177	46.46	47.47	44.64	0.695	1.283	2.45	0	0.446	1.645	878.1605	0
26/01/2023 23:40			35	10.43	0	0.001	0	19.14	19.46	18.85	0.098	47.6	48.25	46.58	0.33	1.696	3.2	0	0.561	1.573	878.2506	0
26/01/2023 23:50			36	10.43	0	0	0	18.51	19.16	17.86	0.369	49.9	51.46	47.74	1.042	1.664	3.2	0	0.575	1.597	878.3403	0
																						
27/01/2023 00:00			37	10.42	0	0	0	17.79	18.07	17.42	0.133	51.51	52.68	50.81	0.449	2.461	3.2	1.7	0.438	1.597	878.3404	0
27/01/2023 00:10			38	10.41	0	0.001	0	17.29	17.62	16.81	0.196	53.01	54.73	51.73	0.786	2.43	3.95	1.7	0.489	1.573	878.3894	0
27/01/2023 00:20			39	10.41	0	0.024	0	16.95	17.32	16.7	0.154	54.02	55.03	52.51	0.767	2.588	3.95	1.7	0.46	1.597	878.3564	0
27/01/2023 00:30			40	10.39	0	0.101	0	17.39	17.73	17.18	0.103	52.15	52.92	50.74	0.529	2.106	3.2	0.95	0.517	1.5	878.3403	0
27/01/2023 00:40			41	10.39	0	0.048	0	17.62	17.73	17.49	0.047	51.22	51.63	50.81	0.174	1.951	3.2	0.95	0.49	1.5	878.343	0
27/01/2023 00:50			42	10.39	0	0.083	0	17.79	17.93	17.63	0.064	50.42	51.42	49.86	0.388	2.116	3.2	0.95	0.418	1.476	878.3412	0
27/01/2023 01:00			43	10.38	0	0.001	0	17.5	17.83	17.18	0.163	50.95	51.97	50.03	0.468	1.454	3.2	0	0.532	1.476	878.3438	0
27/01/2023 01:10			44	10.38	0	0.001	0	17.41	17.69	17.15	0.139	51	51.87	49.96	0.471	1.156	1.7	0	0.505	1.428	878.348	0
27/01/2023 01:20			45	10.37	0	0.001	0	16.82	17.42	16.43	0.29	53.49	54.76	50.74	1.174	1.706	2.45	0.95	0.317	1.452	878.3511	0
27/01/2023 01:30			46	10.37	0	0	0	16.35	16.6	16.06	0.123	55.15	56.47	54.15	0.521	1.258	2.45	0	0.43	1.428	878.4805	0
27/01/2023 01:40			47	10.36	0	0	0	15.92	16.16	15.68	0.097	56.64	57.08	56.06	0.177	0.989	2.45	0	0.765	1.428	878.5215	0
27/01/2023 01:50			48	10.35	0	0.004	0	16.07	16.23	15.86	0.067	56.46	57.02	56.1	0.19	1.234	2.45	0	0.545	1.403	878.5371	0
27/01/2023 02:00			49	10.35	0	0.184	0	16.08	16.37	15.72	0.148	56.65	57.84	55.72	0.506	2.103	3.2	0.95	0.552	1.355	878.3943	0
27/01/2023 02:10			50	10.34	0	0.001	0	15.52	15.86	15.32	0.093	58.42	58.89	57.7	0.234	2.803	3.95	1.7	0.401	1.404	878.4001	0
27/01/2023 02:20			51	10.34	0	0.003	0	15.58	15.79	15.39	0.079	58.14	58.83	57.46	0.394	2.328	3.2	1.7	0.431	1.331	878.4697	0
27/01/2023 02:30			52	10.33	0	0.005	0	15.57	15.9	15.08	0.2	58.56	60.16	57.46	0.809	2.098	3.2	1.7	0.382	1.307	878.5602	0
27/01/2023 02:40			53	10.32	0	0	0	14.95	15.21	14.74	0.096	60.84	61.38	59.95	0.315	2.461	3.2	1.7	0.383	1.283	878.5684	0
27/01/2023 02:50			54	10.31	0	0.001	0	14.8	14.94	14.67	0.042	61.41	61.72	61.15	0.125	2.629	3.2	1.7	0.386	1.307	878.5684	0
27/01/2023 03:00			55	10.3	0	0.141	0	14.89	15.18	14.7	0.123	61.25	61.9	60.46	0.412	2.893	3.95	1.7	0.421	1.307	878.5272	0
27/01/2023 03:10			56	10.25	0	0.14	0	15.24	15.45	15.01	0.104	60.12	60.77	59.58	0.307	2.118	3.2	0.95	0.482	1.258	878.5358	0
27/01/2023 03:20			57	10.09	0	0.001	0	15.26	15.49	14.98	0.107	60.22	60.94	59.58	0.39	1.709	2.45	0.95	0.379	1.21	878.5684	0
27/01/2023 03:30			58	9.9	0	0	0	15.06	15.28	14.84	0.096	60.98	61.55	60.29	0.334	1.53	3.2	0	0.457	1.21	878.5684	0
27/01/2023 03:40			59	9.73	0	0.002	0	15	15.21	14.81	0.098	61.19	61.66	60.5	0.364	1.318	2.45	0	0.445	1.162	878.5684	0
27/01/2023 03:50			60	9.56	0	0.007	0	15.08	15.35	14.81	0.127	61	61.93	60.16	0.487	1.59	2.45	0.95	0.361	1.162	878.5684	0
27/01/2023 04:00			61	9.34	0	0.003	0	14.98	15.18	14.77	0.092	61.4	61.93	60.77	0.337	1.305	2.45	0	0.428	1.113	878.5684	0
27/01/2023 04:10			62	9.15	0	0.001	0	14.81	14.98	14.67	0.053	62.07	62.44	61.52	0.166	1.294	2.45	0	0.411	1.016	878.6091	0
27/01/2023 08:20			63	8.85	186.2	618.9	41.12	16.65	16.78	16.51	0.058	55.27	55.73	54.74	0.188	2.2	3.2	0.95	0.436	1.355	881.1876	0
27/01/2023 08:30			64	11.1	214.7	656.4	43.23	16.88	17.12	16.65	0.102	54.69	55.49	53.47	0.433	1.828	3.2	0	0.485	1.379	881.3093	0
27/01/2023 08:40			65	11.11	254.3	696.4	46.09	17.09	17.25	16.95	0.051	53.84	54.53	53.2	0.317	1.97	3.2	0	0.583	1.476	881.3147	0
27/01/2023 08:50			66	11.11	294.8	727.7	49.9	17.29	17.63	17.05	0.126	52.96	54.15	52.24	0.373	2.074	3.95	0.95	0.574	1.524	881.3881	0
27/01/2023 09:00			67	11.11	334.9	758.8	52.54	17.8	18.14	17.49	0.172	51.68	53.06	50.23	0.6	2.414	3.95	0.95	0.731	1.621	881.4327	0
27/01/2023 09:10			68	11.13	373.5	783.6	54.65	18.21	18.68	17.83	0.231	50.41	51.73	49.31	0.627	1.989	3.95	0	0.816	1.645	881.4731	0
27/01/2023 09:20			69	11.23	412.5	809	56.81	18.97	19.74	18.31	0.387	48.36	49.99	46.89	1.003	2.07	3.95	0	0.741	1.96	881.5385	0
27/01/2023 09:30			70	13.25	450.5	832	58.65	19.67	19.91	19.43	0.093	46.74	47.61	45.77	0.37	2.339	4.7	0	0.841	2.008	881.579	0
27/01/2023 09:40			71	13.22	485.9	848	60.59	20.02	20.56	19.5	0.273	45.59	46.72	43.82	0.58	1.457	3.95	0	0.852	2.178	881.53	0
27/01/2023 09:50			72	13.19	521.9	861	62.72	20.42	20.66	19.94	0.174	44.54	45.6	43.82	0.452	2.181	3.95	0	0.869	2.153	881.4946	0
27/01/2023 10:00			73	13.18	554.9	870	65.14	20.4	20.96	19.84	0.332	44.54	45.42	42.63	0.608	2.046	4.7	0	0.886	2.274	881.5237	0
27/01/2023 10:10			74	13.16	588.4	883	66.88	20.32	20.96	19.8	0.295	45.07	46.31	43.04	0.727	2.158	5.45	0	1.028	2.298	881.5386	0
27/01/2023 10:20			75	13.15	619.8	892	68.8	21.09	21.44	20.34	0.247	43.65	45.42	42.53	0.572	2.299	4.7	0	0.944	2.323	881.4158	0
27/01/2023 10:30			76	13.15	651.2	901	70.53	21.05	21.54	20.35	0.358	43.12	44.47	41.84	0.658	2.38	5.45	0	1.376	2.395	881.4611	0
27/01/2023 10:40			77	13.14	674.4	904	72.33	21.54	22.29	20.55	0.486	42.33	44.37	40.65	0.888	1.572	3.95	0	0.925	2.419	881.282	0
27/01/2023 10:50			78	13.13	703.2	913	73.71	21.76	22.43	20.79	0.483	41.86	44.33	40.38	0.934	2.439	4.7	0.95	0.878	2.54	881.0706	0
27/01/2023 11:00			79	13.12	726.9	915	75.43	20.99	21.47	20.72	0.143	43.44	44.84	42.39	0.544	2.837	5.45	0	1.084	2.54	880.8698	0
27/01/2023 11:10			80	13.12	749.5	921	77.58	21.8	22.28	21.36	0.206	41.83	42.83	40.44	0.636	2.285	5.45	0	1.19	2.467	880.7515	0
27/01/2023 11:20			81	13.11	769.2	928	77.62	22.61	23.27	22.11	0.29	39.97	41.02	38.09	0.689	1.077	3.95	0	0.898	2.516	880.4722	0
27/01/2023 11:30			82	13.11	788.1	927	79.76	22.08	23.37	21.09	0.768	40.88	43.03	38.02	1.644	1.738	4.7	0	1.312	2.516	880.3675	0
27/01/2023 11:40			83	13.11	808	935	80.7	21.95	22.65	21.36	0.34	41.2	42.66	39.52	0.883	2.216	6.2	0	1.055	2.564	880.0862	0
27/01/2023 11:50			84	13.1	821	940	80	22.97	23.37	22.55	0.205	38.84	40	37.92	0.463	1.525	3.95	0	0.895	2.612	879.9208	0
27/01/2023 12:00			85	13.1	836	945	80.6	22.68	23.16	22.07	0.303	39.59	40.88	38.56	0.451	2.083	3.95	0	0.803	2.733	879.7855	0
27/01/2023 12:10			86	13.09	847	949	80	22.41	22.82	21.87	0.285	39.69	40.64	38.67	0.567	1.945	5.45	0	1.062	2.685	879.546	0
27/01/2023 12:20			87	13.09	857	960	78.02	23.52	24.12	22.75	0.307	37.45	38.84	35.94	0.72	0.968	3.2	0	0.739	2.782	879.2432	0
27/01/2023 12:30			88	13.09	869	966	77.76	23.05	24.15	22.48	0.412	38.15	39.28	35.77	0.881	2.228	4.7	0	0.944	2.902	878.9845	0
27/01/2023 12:40			89	13.09	872	971	76.33	23.72	24.46	22.51	0.53	36.93	39.89	35.36	1.332	1.368	3.2	0	0.703	2.782	878.7313	0
27/01/2023 12:50			90	13.08	875	974	75.08	24.05	24.59	23.3	0.394	35.84	37.61	34.68	0.748	2.022	4.7	0	0.938	2.806	878.4879	0
27/01/2023 13:00			91	13.08	876	977	73.94	23.59	24.42	23.19	0.272	36.5	37.61	35.12	0.476	1.129	3.2	0	0.814	2.709	878.1671	0
27/01/2023 13:10			92	13.08	870	976	74.11	25.35	25.95	24.32	0.427	33.68	35.23	32.64	0.694	1.534	3.2	0	0.781	2.782	877.9437	0
27/01/2023 13:20			93	13.08	868	971	74.96	25.37	26.09	24.86	0.358	33.55	34.78	32.3	0.579	1.675	3.95	0	1.065	2.878	877.7568	0
27/01/2023 13:30			94	13.08	858	970	74.52	24.97	25.68	24.45	0.342	34.24	35.43	32.84	0.622	1.151	3.95	0	1.003	2.733	877.5184	0
																						
30/01/2023 23:20			0	10.71	89.4	355.5	35.61	17.59	17.74	17.46	0.05	56.52	56.75	56.31	0.088	1.877	2.45	0	0.417	1.621	752.5288	0
30/01/2023 23:30			1	10.87	111	402.8	39.59	17.87	18.32	17.6	0.171	55.95	56.75	54.43	0.531	1.735	2.45	0.95	0.425	1.646	877.7475	0
30/01/2023 23:40			2	10.77	146.6	468.3	45.97	18.7	19.16	18.21	0.235	53.5	54.63	52.38	0.595	1.693	2.45	0.95	0.413	1.742	877.8897	0
30/01/2023 23:50			3	10.85	182.9	520.9	51.18	19.6	20.08	19.06	0.277	51.2	52.93	49.75	0.806	0.57	1.7	0	0.535	1.79	878.0508	0
																						
31/01/2023 00:00			4	10.98	219.6	566	55.66	20.62	21.24	20.01	0.297	49.54	50.33	48.76	0.296	0	0	0	0	1.887	878.2118	0
31/01/2023 00:10			5	11.12	256.9	604.5	59.97	21.53	21.71	21.17	0.116	49.01	50.2	48.08	0.511	0	0	0	0	1.839	878.4227	0
31/01/2023 00:20			6	11.12	294.8	636.9	64.43	21.73	22.02	21.51	0.119	48.88	50.54	47.54	0.786	0	0	0	0	1.96	878.6191	0
31/01/2023 00:30			7	11.14	331.8	688.2	NAN	22.28	22.97	21.88	0.264	49.63	50.6	49	0.349	0.481	1.7	0	0.518	2.057	878.8396	0
31/01/2023 00:40			8	11.2	387.1	695.7	72.42	22.81	23.11	22.43	0.182	52.07	54.66	49.04	1.711	1.357	3.2	0	0.692	2.177	878.9731	0
31/01/2023 00:50			9	13.21	424.2	716.5	75.78	22.91	23.48	22.49	0.252	53.3	54.93	51.38	1.018	1.738	3.2	0	0.661	2.202	879.083	0
31/01/2023 01:00			10	13.18	458.5	734.2	78.86	23.46	24.1	23.1	0.267	52.04	53.39	50.06	1.012	1.508	3.2	0	0.801	2.323	879.1427	0
31/01/2023 01:10			11	13.16	496.2	756.4	82.2	23.71	24.03	23.41	0.14	51.05	52.51	49.65	0.67	1.708	3.95	0	0.776	2.371	879.3102	0
31/01/2023 01:20			12	13.14	531.6	777.4	83.5	24.28	24.64	23.79	0.197	49.61	50.57	48.32	0.459	1.216	3.2	0	0.746	2.371	879.4473	0
31/01/2023 01:30			13	13.12	565.8	791.6	86.1	24.85	25.21	24.47	0.187	48.38	49.64	46.78	0.606	1.408	3.2	0	0.798	2.419	879.5127	0
31/01/2023 01:40			14	13.1	595.7	798.2	88.8	25.41	25.86	24.94	0.267	46.7	47.66	45.62	0.574	1.461	3.2	0	0.986	2.443	879.5034	0
31/01/2023 01:50			15	13.09	624.9	808	91.1	25.4	26.06	24.94	0.32	46.16	47.36	44.87	0.636	0.804	3.2	0	0.88	2.564	879.4025	0
31/01/2023 02:00			16	13.08	654.2	810	95.2	25.03	26.09	24.05	0.627	47.04	49.53	44.49	1.46	1.905	3.95	0	0.701	2.637	879.3367	0
31/01/2023 02:10			17	13.08	685.6	827	96.8	24.72	25.07	24.29	0.187	47.37	48.58	46.16	0.556	1.583	3.95	0	0.915	2.612	879.247	0
31/01/2023 02:20			18	13.07	712.9	835	98.6	25.23	25.54	24.69	0.186	45.72	47.59	44.46	0.703	2.214	4.7	0	0.993	2.661	879.1224	0
31/01/2023 02:30			19	13.07	735.6	842	99.7	25.86	26.36	25.34	0.236	43.1	45.11	41.56	0.871	1.464	3.95	0	1.02	2.709	879.0307	0
31/01/2023 02:40			20	13.06	760.1	854	100.3	26.32	26.77	26.05	0.159	41.94	43.13	41.12	0.374	1.609	3.95	0	0.933	2.782	878.8592	0
31/01/2023 02:50			21	13.05	778.2	859	101.5	25.42	26.12	24.76	0.393	43.91	45.89	42	0.824	1.532	3.95	0	0.96	2.806	878.639	0
31/01/2023 03:00			22	13.05	797.8	863	103.5	25.67	25.99	25.41	0.14	42.92	44.05	41.32	0.625	2.024	4.7	0	0.918	2.806	878.4375	0
31/01/2023 03:10			23	13.05	813	868	105.7	26.08	26.6	25.68	0.253	41.61	43.09	40.03	0.822	1.404	3.95	0	1.09	2.83	878.3043	0
31/01/2023 03:20			24	13.04	828	870	108.2	26.39	26.8	25.75	0.284	40.45	41.77	39.01	0.699	1.428	4.7	0	0.955	2.878	878.0269	0
31/01/2023 03:30			25	13.04	837	873	107.3	27.15	27.59	26.67	0.191	38.38	40.33	36.76	0.851	1.194	3.95	0	1.096	2.806	877.795	0
31/01/2023 03:40			26	13.03	847	880	106.3	27.67	28.03	27.28	0.174	37.53	38.46	36.62	0.365	1.308	4.7	0	1.159	2.878	877.4835	0
31/01/2023 03:50			27	13.03	853	880	105.8	27.49	27.89	27.11	0.196	37.69	38.84	36.42	0.56	1.453	3.2	0	0.803	3.072	877.2181	0
31/01/2023 04:00			28	13.02	854	879	104	27.22	27.62	26.74	0.208	38.09	40.16	35.16	1.259	1.174	3.95	0	0.721	2.902	876.9141	0
31/01/2023 04:10			29	13.02	862	891	102.3	28.03	28.51	27.28	0.344	36.46	37.81	34.82	0.601	0.874	3.95	0	0.924	3.023	876.5706	0
31/01/2023 04:20			30	13.02	872	896	102.3	28	28.51	27.52	0.27	36.23	37.23	35.29	0.406	2.351	3.95	0	0.743	2.951	876.2182	0
31/01/2023 04:30			31	13.02	872	898	102.5	27.54	27.79	27.35	0.081	37.64	38.56	36.21	0.556	2.29	5.45	0	0.905	2.975	875.9902	0
31/01/2023 04:40			32	13.02	871	899	103.7	27.73	28.23	27.42	0.173	36.66	37.81	35.6	0.492	2.679	4.7	0	1.021	3.023	875.7839	0
31/01/2023 04:50			33	13.03	863	900	102	28.4	28.85	28.1	0.156	35.01	35.94	34	0.359	1.559	3.2	0	0.634	3.048	875.6176	0
31/01/2023 05:00			34	13.02	855	898	100.5	28.22	28.95	27.59	0.399	35	36.38	33.52	0.734	1.725	3.95	0	0.826	3.072	875.337	0
31/01/2023 05:10			35	13.02	846	901	97.9	28.09	28.88	27.65	0.296	34.8	35.74	32.74	0.854	0.776	2.45	0	0.752	3.023	875.1135	0
31/01/2023 05:20			36	13.01	841	907	97.6	29.44	29.87	28.78	0.28	32.73	33.35	31.51	0.396	1.807	4.7	0	1.173	3.023	874.8921	0
31/01/2023 05:30			37	13.01	823	893	96.8	29.61	29.87	29.39	0.098	32.68	33.59	31.85	0.36	2.085	4.7	0	1.105	2.975	874.7121	0
31/01/2023 05:40			38	13	803	893	93.7	30.25	30.82	29.7	0.274	31.89	33.08	30.73	0.491	0.466	2.45	0	0.606	3.072	874.5568	0
31/01/2023 05:50			39	13	794.6	901	91.5	29.93	30.76	29.26	0.455	31.73	32.5	30.46	0.479	1.915	3.95	0	1.103	3.023	874.3558	0
31/01/2023 06:00			40	12.99	774.9	897	89.1	30.02	30.45	29.63	0.188	31.77	32.4	30.73	0.344	2.434	6.2	0	1.263	3.023	874.1891	0
31/01/2023 06:10			41	12.99	755.3	904	84.3	29.55	30.31	28.78	0.399	32.09	33.01	31.37	0.459	1.382	3.2	0	0.876	3.168	873.9681	0
31/01/2023 06:20			42	12.99	742.2	925	78.35	30.52	31.13	30.04	0.311	29.66	31.51	27.15	0.961	1.406	3.95	0	0.797	3.12	873.8071	0
31/01/2023 06:30			43	12.98	714.9	917	76.53	30.55	30.82	30.28	0.128	28.51	29.4	26.81	0.475	1.24	3.2	0	0.728	3.096	873.6504	0
31/01/2023 06:40			44	12.97	681.8	899	77.32	31.01	31.61	30.48	0.325	27.06	28.04	25.34	0.526	1.404	3.95	0	0.729	3.023	873.5923	0
31/01/2023 06:50			45	12.97	654.5	892	76.16	30.72	31.03	30.42	0.141	27.19	27.93	26.2	0.333	1.358	3.2	0	0.751	3.096	873.5373	0
31/01/2023 07:00			46	12.97	625.3	880	75.32	30.64	31.2	30.14	0.259	27.41	28.99	26.09	0.742	1.831	3.95	0	0.797	3.12	873.5366	0
31/01/2023 07:10			47	12.97	576.4	845	72.34	30.87	31.37	30.52	0.217	26.32	27.18	25.34	0.384	1.528	3.2	0	0.669	3.096	873.5035	0
31/01/2023 07:20			48	12.97	531.1	819	68.21	31.68	32.39	30.86	0.46	24.8	26.57	23.54	0.704	0.636	2.45	0	0.671	3.12	873.3979	0
31/01/2023 07:30			49	12.97	496.2	797.7	67.46	31.51	32.29	30.72	0.473	23.01	24.05	20.54	0.762	1.628	3.95	0	0.745	3.12	873.3146	0
31/01/2023 07:40			50	12.97	465.3	784.8	66.49	30.86	31.3	30.38	0.245	21.79	23.16	20.95	0.525	1.519	2.45	0	0.508	3.096	873.2324	0
31/01/2023 07:50			51	12.97	426.8	762.5	64.71	31.38	31.67	31.03	0.126	22.21	22.82	21.43	0.293	1.211	3.2	0	0.642	3.072	873.1263	0
31/01/2023 08:00			52	12.97	391.8	745	62.04	31.78	32.12	31.37	0.179	22.29	22.76	21.9	0.171	1.758	3.95	0	0.84	3.12	873.1202	0
31/01/2023 08:10			53	12.97	361.2	740.5	59.02	31.23	31.74	30.93	0.177	23.18	24.22	22.31	0.457	2.966	5.45	0	1.04	3.096	872.9335	0
31/01/2023 08:20			54	12.98	321.6	717.7	55.16	31.34	31.64	30.96	0.147	23.04	23.68	22.28	0.251	1.718	3.95	0	0.783	2.999	872.8604	0
31/01/2023 08:30			55	12.99	283.4	688.6	51.96	31.15	31.44	30.82	0.152	23.83	24.53	22.01	0.459	1.785	3.95	0	1.09	3.072	872.9005	0
31/01/2023 08:40			56	12.99	242.5	649.8	48.21	31.26	31.54	30.96	0.149	23.22	24.36	22.11	0.346	1.211	3.2	0	0.848	3.024	872.9034	0
31/01/2023 08:50			57	12.89	207.9	623.7	44.82	31.08	31.48	30.55	0.222	23.88	24.67	22.96	0.441	2.21	3.95	0	0.924	2.975	872.9267	0
31/01/2023 09:00			58	12.87	170.7	582.3	40.97	30.63	30.9	30.42	0.099	24.32	24.77	23.75	0.2	1.738	3.95	0	0.84	3.024	872.9427	0
31/01/2023 09:10			59	12.89	133.6	532.8	35.43	30.59	30.96	30.08	0.27	23.66	24.56	22.48	0.546	2.073	5.45	0	1.047	3.072	872.9839	0
31/01/2023 09:20			60	12.83	99.1	476.8	30.31	29.76	30.15	29.57	0.098	23.58	24.12	23.1	0.22	2.393	5.45	0	0.994	2.975	873.0797	0
31/01/2023 09:30			61	12.78	65.69	398.7	23.05	29.69	29.91	29.33	0.122	24.29	25.01	23.51	0.347	1.736	3.2	0	0.761	2.975	873.2374	0
31/01/2023 09:40			62	12.71	32.4	192.1	15.63	29.14	29.43	28.79	0.139	25.1	25.62	24.6	0.222	1.906	3.2	0	0.471	2.903	873.4182	0
31/01/2023 09:50			63	12.68	9.35	1.649	6.32	28.51	28.92	28.14	0.207	25.54	26.23	24.5	0.332	1.628	2.45	0.95	0.397	2.83	873.5667	0
31/01/2023 18:30			64	12.68	2.103	0.008	0.333	28.12	28.27	27.94	0.076	26.26	26.78	25.65	0.278	0.386	1.7	0	0.592	2.806	873.6472	0
31/01/2023 18:40			65	12.67	0.024	0.008	0	27.86	28.1	27.6	0.097	26.65	27.19	26.1	0.241	0	0	0	0	2.758	873.8328	0
31/01/2023 18:50			66	12.65	0	0.005	0	27.39	27.7	26.99	0.175	27.84	29.75	26.71	0.833	0	0	0	0	2.758	873.9565	0
31/01/2023 19:00			67	12.61	0	0	0	26.6	27.09	26.14	0.225	29.89	31.25	28.86	0.538	0	0	0	0	2.758	873.8051	0
31/01/2023 19:10			68	12.47	0	0.012	0	25.91	26.24	25.53	0.163	31.35	32.41	30.5	0.431	0	0	0	0	2.661	873.9263	0
31/01/2023 19:20			69	12.34	0	0.013	0	25.17	25.66	24.47	0.322	32.47	33.84	30.91	0.721	1.613	3.2	0	1.189	2.661	874.0559	0
31/01/2023 19:30			70	12.2	0	0.01	0	24.36	24.61	24.06	0.133	33.54	34.55	32.92	0.299	3.01	3.95	2.45	0.41	2.589	874.1826	0
31/01/2023 19:40			71	12.02	0	0	0	23.55	24.2	23.18	0.318	35.46	36.56	33.46	0.787	3.02	3.95	1.7	0.606	2.347	874.3062	0
31/01/2023 19:50			72	11.71	0	0.003	0	23.08	23.28	22.87	0.09	36.14	36.53	35.71	0.12	3.034	4.7	1.7	0.544	2.468	874.2895	0
31/01/2023 20:00			73	11.28	0	0.006	0	22.85	23.08	22.63	0.102	36.51	37.08	35.92	0.283	3.079	4.7	0.95	0.655	2.347	874.4465	0
31/01/2023 20:10			74	10.72	0	0.003	0	22.56	22.74	22.43	0.068	37.4	37.83	36.94	0.202	2.284	3.95	0.95	0.652	2.178	874.5702	0
31/01/2023 20:20			75	10.78	0	0.007	0	22.38	22.6	22.23	0.079	37.96	38.41	37.55	0.174	2.482	3.95	0	0.577	2.129	874.6276	0
31/01/2023 20:30			76	10.77	0	0.012	0	22.45	22.6	22.26	0.069	37.53	38.23	36.94	0.256	2.35	3.95	0.95	0.572	2.105	874.7659	0
31/01/2023 20:40			77	10.73	0	0.005	0	22.3	22.5	22.09	0.09	37.94	38.58	37.38	0.221	1.764	2.45	0.95	0.451	2.032	874.791	0
31/01/2023 20:50			78	10.69	0	0.005	0	22.1	22.26	21.95	0.053	38.32	38.75	37.96	0.149	1.282	3.2	0	0.685	2.032	874.8972	0
31/01/2023 21:00			79	10.67	0	0.011	0	21.98	22.12	21.82	0.046	38.13	38.58	37.72	0.17	1.14	2.45	0	0.55	1.936	874.9789	0
31/01/2023 21:10			80	10.67	0	0.01	0	21.83	22.09	21.48	0.143	38.6	39.94	37.72	0.661	0.985	2.45	0	0.825	1.936	875.0687	0
31/01/2023 21:20			81	10.67	0	0	0	21.39	21.58	21.27	0.06	39.79	40.76	39.43	0.288	0	0	0	0	1.936	875.1017	0
31/01/2023 21:30			82	10.66	0	0.234	0	21.49	21.85	21.24	0.149	39.44	41.06	37.86	0.73	1.618	3.2	0	1.043	1.79	875.2078	0
31/01/2023 21:40			83	10.65	0	0.324	0	22.05	22.33	21.65	0.156	37.12	38.47	36.12	0.642	2.024	3.2	0.95	0.389	1.815	875.2326	0
31/01/2023 21:50			84	10.64	0	0.012	0	21.45	21.85	21.24	0.132	38.87	39.94	38.34	0.295	2.089	3.2	0.95	0.586	1.815	875.2488	0
31/01/2023 22:00			85	10.63	0	0.029	0	21.13	21.54	20.66	0.24	39.64	40.89	38.03	0.593	2.326	3.2	0.95	0.489	1.815	875.3635	0
31/01/2023 22:10			86	10.59	0	0.008	0	20.73	21.07	20.45	0.11	38.15	40.25	34.42	1.394	2.261	3.2	0.95	0.469	1.79	875.4448	0
31/01/2023 22:20			87	10.52	0	0.115	0	21.33	21.65	20.96	0.178	33.31	35.92	31.52	1.104	2.051	3.2	0.95	0.432	1.548	875.5355	0
31/01/2023 22:30			88	10.49	0	0	0	21.01	21.41	20.66	0.191	34.29	35.92	32.92	0.56	1.489	2.45	0	0.574	1.742	875.6415	0
31/01/2023 22:40			89	10.48	0	0.004	0	20.53	20.79	20.01	0.186	34.64	37.76	32.82	1.168	1.561	2.45	0	0.545	1.694	875.7149	0
31/01/2023 22:50			90	10.46	0	0.01	0	20.13	20.32	19.84	0.105	34.8	37.55	32.78	1.057	1.538	2.45	0	0.629	1.718	875.6985	0
31/01/2023 23:00			91	10.46	0	0.017	0	20.12	20.28	19.91	0.087	34.27	37.08	32.07	1.066	0.195	1.7	0	0.475	1.694	875.6577	0
31/01/2023 23:10			92	10.44	0	0.022	0	19.99	20.32	19.74	0.127	33.78	35.54	31.93	0.739	1.92	2.45	0.95	0.368	1.621	875.6247	0
31/01/2023 23:20			93	10.44	0	0.066	0	19.82	20.15	19.57	0.129	33.21	35.99	30.84	1.184	2.074	2.45	0.95	0.377	1.669	875.7147	0
31/01/2023 23:30			94	10.43	0	0.041	0	20.12	20.39	19.84	0.111	31.8	32.88	30.29	0.526	1.63	2.45	0.95	0.393	1.597	875.6743	0
31/01/2023 23:40			95	10.43	0	0.009	0	20.1	20.42	19.84	0.156	31.39	32.37	30.5	0.416	1.277	2.45	0	0.559	1.597	875.6331	0
31/01/2023 23:50			96	10.42	0	0.056	0	20.24	20.42	20.11	0.045	32.04	32.65	31.52	0.251	0.981	1.7	0	0.356	1.548	875.7318	0
																						
01/02/2023 00:00	01/02/2023 05:40	01/02/2023 03:00	97	10.42	0	0.109	0	20.31	20.52	20.11	0.081	32.2	32.82	31.11	0.329	0.939	1.7	0	0.519	1.452	875.9111	0
01/02/2023 00:10	01/02/2023 05:50	01/02/2023 03:10	98	10.41	0	0.11	0	20.28	20.52	19.57	0.185	32.69	35.17	31.28	0.951	1.341	2.45	0	0.556	1.597	875.8782	0
01/02/2023 00:20	01/02/2023 06:00	01/02/2023 03:20	99	10.41	0	0.012	0	19.6	19.84	19.29	0.123	34.25	35.71	33.4	0.616	1.921	2.45	0.95	0.388	1.573	875.9938	0
01/02/2023 00:30	01/02/2023 06:10	01/02/2023 03:30	100	10.4	0	0.186	0	19.86	20.15	19.53	0.152	33.78	34.69	32.92	0.46	1.965	2.45	0.95	0.414	1.548	875.9926	0
01/02/2023 00:40	01/02/2023 06:20	01/02/2023 03:40	101	10.39	0	0.03	0	19.36	19.87	18.95	0.223	35.83	37.42	33.8	0.74	2.521	3.2	1.7	0.34	1.548	875.928	0
01/02/2023 00:50	01/02/2023 06:30	01/02/2023 03:50	102	10.39	0	0.108	0	19.24	19.43	19.02	0.089	36.04	37.25	35.17	0.411	2.756	3.95	1.7	0.403	1.597	876.025	0
01/02/2023 01:00	01/02/2023 06:40	01/02/2023 04:00	103	10.38	0	0.022	0	18.66	19.33	18.17	0.262	38.17	40.35	35.13	1.205	2.098	3.2	0.95	0.514	1.548	876.0096	0
01/02/2023 01:10	01/02/2023 06:50	01/02/2023 04:10	104	10.38	0	0.161	0	19.28	19.74	18.37	0.4	36.1	39.09	33.46	1.841	1.522	2.45	0	0.438	1.573	876.0094	0
01/02/2023 01:20	01/02/2023 07:00	01/02/2023 04:20	105	10.37	0	0.048	0	18.42	18.78	17.93	0.233	39.13	40.93	36.91	1.197	1.999	3.2	0.95	0.372	1.548	876.2065	0
01/02/2023 01:30	01/02/2023 07:10	01/02/2023 04:30	106	10.37	0	0.003	0	17.99	18.2	17.73	0.088	40.68	41.88	39.8	0.465	2.341	3.2	1.7	0.385	1.5	876.3358	0
01/02/2023 01:40	01/02/2023 07:20	01/02/2023 04:40	107	10.36	0	0.009	0	17.82	18.17	17.45	0.194	41.99	43.76	40.35	0.984	2.143	3.2	0.95	0.419	1.331	876.2719	0
01/02/2023 01:50	01/02/2023 07:30	01/02/2023 04:50	108	10.36	0	0.056	0	17.66	18.07	17.11	0.285	43.37	46.04	41.23	1.506	2.093	3.2	0.95	0.43	1.452	876.3522	0
01/02/2023 02:00	01/02/2023 07:40	01/02/2023 05:00	109	10.34	0	0.072	0	17.7	17.9	17.18	0.149	43.14	44.68	42.46	0.451	2.464	3.2	0.95	0.457	1.476	876.3365	0
01/02/2023 02:10	01/02/2023 07:50	01/02/2023 05:10	110	10.34	0	0.147	0	17.94	18.27	17.62	0.162	42.69	43.93	41.37	0.627	2.029	3.2	0.95	0.51	1.428	876.3283	0
01/02/2023 02:20	01/02/2023 08:00	01/02/2023 05:20	111	10.33	0	0.353	0	18.38	18.65	18.14	0.094	41.42	42.02	40.93	0.227	2.515	3.95	1.7	0.441	1.476	876.3924	0
01/02/2023 02:30	01/02/2023 08:10	01/02/2023 05:30	112	10.32	0	0.317	0	18.72	19.16	18.41	0.184	41.12	41.78	40.38	0.375	2.729	3.95	0.95	0.551	1.476	876.3548	0
01/02/2023 02:40	01/02/2023 08:20	01/02/2023 05:40	113	10.31	0	0.346	0	19.24	19.57	18.99	0.108	40.48	40.96	40.11	0.205	2.983	3.95	1.7	0.484	1.379	876.2755	0
01/02/2023 02:50	01/02/2023 08:30	01/02/2023 05:50	114	10.28	0	0.095	0	19.28	19.64	18.75	0.272	41.27	42.8	40.04	0.935	1.933	3.95	0	0.715	1.428	876.317	0
01/02/2023 03:00	01/02/2023 08:40	01/02/2023 06:00	115	10.21	0	0	0	18.57	18.92	18.31	0.153	43.83	44.81	42.67	0.562	0.867	2.45	0	0.685	1.428	876.3309	0
01/02/2023 03:10	01/02/2023 08:50	01/02/2023 06:10	116	10.01	0	0	0	17.94	18.44	17.66	0.18	46.08	47.33	43.82	0.648	1.42	2.45	0	0.468	1.379	876.4263	0
01/02/2023 03:20	01/02/2023 09:00	01/02/2023 06:20	117	9.43	0	0.002	0	17.87	18	17.69	0.057	45.89	46.69	45.15	0.341	1.086	2.45	0	0.447	1.331	876.5016	0
01/02/2023 04:50	01/02/2023 10:30	01/02/2023 07:50	118	9.77	180.7	471.8	55.04	17.57	17.94	17.02	0.234	54.25	55.76	53.37	0.564	1.279	2.45	0	0.394	1.452	817.2993	0
01/02/2023 05:00	01/02/2023 10:40	01/02/2023 08:00	119	10.99	212.8	521.1	58.1	18.37	19.03	17.81	0.311	51.94	53.65	51.02	0.623	0.338	1.7	0	0.462	1.524	879.5526	0
01/02/2023 05:10	01/02/2023 10:50	01/02/2023 08:10	120	11.06	249.5	562.7	62.83	19.78	20.22	18.93	0.337	47.51	51.22	44.95	1.451	0.235	1.7	0	0.442	1.5	879.684	0
01/02/2023 05:20	01/02/2023 11:00	01/02/2023 08:20	121	11.07	285.3	583.8	69.25	20.3	20.79	19.98	0.205	46.31	47.78	44.47	0.936	0.036	0.95	0	0.182	1.694	879.8088	0
01/02/2023 05:30	01/02/2023 11:10	01/02/2023 08:30	122	11.12	326.9	627.9	74.12	21.52	22.5	20.69	0.51	42.49	45.63	38.1	2.174	0.176	1.7	0	0.454	1.645	879.8542	0
01/02/2023 05:40	01/02/2023 11:20	01/02/2023 08:40	123	11.04	365.7	656.7	77.25	22.26	22.63	21.95	0.152	39.22	40.18	37.83	0.484	1.474	3.2	0	0.686	1.815	879.9683	0
01/02/2023 05:50	01/02/2023 11:30	01/02/2023 08:50	124	11.3	405	686.1	80.8	22.44	22.8	22.19	0.128	38.83	39.73	37.69	0.415	1.613	3.2	0	0.709	2.056	880.0392	0
01/02/2023 06:00	01/02/2023 11:40	01/02/2023 09:00	125	13.24	441.9	705.1	84.9	22.44	22.84	22.19	0.14	38.4	39.63	37.35	0.508	1.558	3.95	0	0.902	2.178	880.0563	0
01/02/2023 06:10	01/02/2023 11:50	01/02/2023 09:10	126	13.2	480.5	731.1	88.3	22.83	23.01	22.56	0.085	37.21	37.96	36.22	0.376	1.956	3.95	0	0.91	2.202	880.1231	0
01/02/2023 06:20	01/02/2023 12:00	01/02/2023 09:20	127	13.18	519.3	756.8	90.6	23	23.24	22.73	0.104	36.66	37.59	35.64	0.41	2.241	3.95	0	0.932	2.298	880.0999	0
01/02/2023 06:30	01/02/2023 12:10	01/02/2023 09:30	128	13.16	554.7	776	92.8	23.05	23.42	22.84	0.125	36.73	37.38	35.64	0.362	2.027	3.95	0	0.773	2.347	880.1394	0
01/02/2023 06:40	01/02/2023 12:20	01/02/2023 09:40	129	13.15	585.5	789.1	95.3	23.2	23.55	22.8	0.178	36.1	37.18	35.13	0.476	1.624	3.95	0	0.796	2.419	880.1102	0
01/02/2023 06:50	01/02/2023 12:30	01/02/2023 09:50	130	13.13	615.9	798.8	97.6	23.45	23.86	23.07	0.246	35.95	37.58	34.62	0.779	1.869	3.95	0	0.686	2.492	880.1188	0
01/02/2023 07:00	01/02/2023 12:40	01/02/2023 10:00	131	13.12	649.9	815	99.1	22.91	23.24	22.59	0.163	36.87	38.03	36.08	0.391	2.056	3.95	0	0.905	2.443	880.0862	0
01/02/2023 07:10	01/02/2023 12:50	01/02/2023 10:10	132	13.12	674.3	823	99.8	23.86	24.26	23.1	0.268	34.86	36.93	33.83	0.611	1.359	3.95	0	0.919	2.54	880.0187	0
01/02/2023 07:20	01/02/2023 13:00	01/02/2023 10:20	133	13.11	703.7	838	100.8	24.41	25.21	23.92	0.381	34.24	35.57	33.01	0.641	1.052	3.2	0	0.837	2.564	879.9702	0
01/02/2023 07:30	01/02/2023 13:10	01/02/2023 10:30	134	13.09	733.2	852	100.1	25.14	25.45	24.94	0.104	33.05	33.66	32.33	0.283	2.04	4.7	0	0.946	2.612	879.8867	0
01/02/2023 07:40	01/02/2023 13:20	01/02/2023 10:40	135	13.08	754.2	856	102.9	25.32	25.65	24.8	0.22	32.72	33.63	32.06	0.393	1.717	3.95	0	0.745	2.588	879.8028	0
01/02/2023 07:50	01/02/2023 13:30	01/02/2023 10:50	136	13.08	772.1	860	102.9	25.35	25.72	24.83	0.222	32.74	33.35	32.09	0.339	1.378	3.95	0	0.771	2.661	879.6163	0
01/02/2023 08:00	01/02/2023 13:40	01/02/2023 11:00	137	13.07	786.4	862	102.2	25.29	25.72	24.83	0.233	33.02	33.56	32.33	0.32	0.951	3.2	0	0.829	2.83	879.4927	0
01/02/2023 08:10	01/02/2023 13:50	01/02/2023 11:10	138	13.06	811	876	103.2	25.43	25.75	25.1	0.155	33.33	34.27	32.5	0.427	2.3	5.45	0	1.358	2.733	879.2482	0
01/02/2023 08:20	01/02/2023 14:00	01/02/2023 11:20	139	13.06	827	879	104.9	24.64	25.51	24.11	0.405	34.82	35.8	33.11	0.831	1.864	3.95	0	1.044	2.854	879.095	0
01/02/2023 08:30	01/02/2023 14:10	01/02/2023 11:30	140	13.06	840	886	105.5	25.6	26.22	24.42	0.474	33.44	35.74	32.4	0.813	1.848	4.7	0	0.952	2.854	878.9601	0
01/02/2023 08:40	01/02/2023 14:20	01/02/2023 11:40	141	13.05	850	886	108.5	25.58	26.09	25.13	0.208	33.56	34.58	32.53	0.363	1.569	3.95	0	1.057	2.999	878.8442	0
01/02/2023 08:50	01/02/2023 14:30	01/02/2023 11:50	142	13.05	861	884	111.5	25.15	25.61	24.86	0.132	34.49	35.22	33.66	0.345	1.699	4.7	0	0.969	2.927	878.6327	0
01/02/2023 09:00	01/02/2023 14:40	01/02/2023 12:00	143	13.05	851	865	115.2	25.98	26.7	25.44	0.367	33.53	34.95	32.02	0.717	1.772	3.95	0	0.834	2.83	878.4375	0
01/02/2023 09:10	01/02/2023 14:50	01/02/2023 12:10	144	13.05	855	870	113	26.65	27.08	26.19	0.236	32.18	32.94	31.38	0.369	1.055	3.2	0	0.816	2.903	878.3289	0
01/02/2023 09:20	01/02/2023 15:00	01/02/2023 12:20	145	13.04	871	890	110.7	26.85	27.25	26.36	0.193	32.1	33.21	31.2	0.378	2.379	5.45	0	1.202	2.902	878.1767	0
01/02/2023 09:30	01/02/2023 15:10	01/02/2023 12:30	146	13.04	876	900	107.8	26.03	26.53	25.58	0.24	32.96	33.69	32.06	0.435	1.052	3.2	0	0.752	2.902	878.1083	0
01/02/2023 09:40	01/02/2023 15:20	01/02/2023 12:40	147	13.04	869	895	107.6	26.44	26.94	25.95	0.237	32.61	33.35	31.72	0.348	1.048	3.2	0	0.943	2.878	877.9568	0
01/02/2023 09:50	01/02/2023 15:30	01/02/2023 12:50	148	13.04	872	905	105.4	27.35	27.86	26.57	0.288	31.85	33.32	30.56	0.579	1.966	3.95	0	0.789	2.951	877.8082	0
01/02/2023 10:00	01/02/2023 15:40	01/02/2023 13:00	149	13.04	864	906	102.1	27.61	27.93	27.31	0.159	31.18	32.02	30.25	0.393	2.144	3.95	0	0.771	2.951	877.6345	0
01/02/2023 10:10	01/02/2023 15:50	01/02/2023 13:10	150	13.04	856	905	102.9	28.21	28.78	27.35	0.449	30.31	31.51	29.4	0.534	1.361	3.2	0	0.742	2.951	877.514	0
01/02/2023 10:20	01/02/2023 16:00	01/02/2023 13:20	151	13.03	843	898	101.4	28.1	28.64	27.52	0.324	30.32	31.17	29.64	0.394	1.598	3.95	0	0.826	2.878	877.3577	0
01/02/2023 10:30	01/02/2023 16:10	01/02/2023 13:30	152	13.03	826	895	97.3	27.79	28.34	27.21	0.283	30.19	31.03	29.26	0.27	1.225	3.2	0	0.755	3.023	877.1766	0
01/02/2023 10:40	01/02/2023 16:20	01/02/2023 13:40	153	13.03	821	905	96.4	28.37	28.78	27.72	0.234	30.23	30.97	29.09	0.433	2.34	4.7	0	0.96	2.951	876.9694	0
01/02/2023 10:50	01/02/2023 16:30	01/02/2023 13:50	154	13.02	809	905	95.8	28.12	28.98	27.55	0.394	30.16	31.1	28.96	0.535	1.748	4.7	0	1	3.168	876.8434	0
01/02/2023 11:00	01/02/2023 16:40	01/02/2023 14:00	155	13.02	784.4	901	92.7	29.71	30.18	28.92	0.279	27.85	29.19	26.67	0.535	0.588	3.2	0	0.715	3.12	876.6935	0
01/02/2023 11:10	01/02/2023 16:50	01/02/2023 14:10	156	13	742.4	860	92.2	29.71	30.24	29.39	0.226	26.99	28.27	26.03	0.572	1.545	3.95	0	1.122	3.048	876.5823	0
01/02/2023 11:20	01/02/2023 17:00	01/02/2023 14:20	157	13	726.6	855	93.8	29.01	29.73	28.61	0.273	27.69	28.41	26.74	0.4	1.64	4.7	0	0.918	2.999	876.514	0
01/02/2023 11:30	01/02/2023 17:10	01/02/2023 14:30	158	13	703	846	95	28.47	29.6	27.65	0.563	27.74	29.09	25.38	0.974	2.139	3.95	0	0.98	2.999	876.3314	0
01/02/2023 11:40	01/02/2023 17:20	01/02/2023 14:40	159	13	681.1	848	93.5	29.73	30.07	29.46	0.149	24.76	25.89	23.78	0.466	2.025	4.7	0	0.955	3.12	876.1549	0
01/02/2023 11:50	01/02/2023 17:30	01/02/2023 14:50	160	13	655.1	846	91.8	30.01	30.28	29.6	0.191	24.79	25.38	24.05	0.245	2.024	4.7	0	0.959	3.12	875.9603	0
01/02/2023 12:00	01/02/2023 17:40	01/02/2023 15:00	161	13	622	829	88.8	29.15	29.73	28.71	0.254	26	26.67	24.8	0.411	2.517	5.45	0	1.268	3.048	875.9271	0
01/02/2023 12:10	01/02/2023 17:50	01/02/2023 15:10	162	13	589.7	824	85.2	30	30.59	29.22	0.338	25.36	25.99	24.83	0.298	1.216	3.2	0	0.764	3.169	875.8154	0
01/02/2023 12:20	01/02/2023 18:00	01/02/2023 15:20	163	12.99	562.7	821	82.9	29.54	29.9	29.16	0.179	25.97	26.64	25.24	0.318	1.604	3.95	0	0.881	3.168	875.6949	0
01/02/2023 12:30	01/02/2023 18:10	01/02/2023 15:30	164	12.99	517.9	794.2	78.74	30.25	31.23	29.36	0.635	25.23	26.06	24.32	0.52	0.431	3.95	0	0.742	3.217	875.6437	0
01/02/2023 12:40	01/02/2023 18:20	01/02/2023 15:40	165	12.99	486.9	783.8	75.28	30.32	31.44	29.29	0.631	25.36	26.44	23.78	0.563	1.823	4.7	0	1.049	3.144	875.6147	0
01/02/2023 12:50	01/02/2023 18:30	01/02/2023 15:50	166	12.99	453.4	770.4	71.68	29.61	30.14	29.05	0.29	26.24	27.12	25.52	0.367	1.957	4.7	0	1.081	3.12	875.6	0
01/02/2023 13:00	01/02/2023 18:40	01/02/2023 16:00	167	12.99	417.4	758.2	68.05	30.4	30.86	29.97	0.229	25.4	26.16	24.7	0.303	1.841	4.7	0	1.061	3.048	875.5424	0
01/02/2023 13:10	01/02/2023 18:50	01/02/2023 16:10	168	12.99	387.1	757.1	63.7	30.12	30.62	29.26	0.294	25.65	26.3	24.56	0.313	2.121	4.7	0	0.988	3.144	875.4571	0
01/02/2023 13:20	01/02/2023 19:00	01/02/2023 16:20	169	13	346.1	733.2	59.21	29.74	30.21	29.19	0.309	26.24	27.19	25.41	0.38	1.583	4.7	0	0.831	3.072	875.4286	0
01/02/2023 13:30	01/02/2023 19:10	01/02/2023 16:30	170	13	306.1	701.9	55.6	29.97	30.18	29.77	0.071	26.81	27.66	25.38	0.486	2.326	4.7	0	0.945	2.999	875.4223	0
01/02/2023 13:40	01/02/2023 19:20	01/02/2023 16:40	171	13.01	266.9	670.7	51.44	29.58	29.91	29.29	0.128	27.29	27.83	26.3	0.317	2.577	4.7	0	0.892	3.048	875.4561	0
01/02/2023 13:50	01/02/2023 19:30	01/02/2023 16:50	172	13.02	220.8	615.3	46.64	29.77	30.01	29.36	0.138	26.11	26.71	24.87	0.572	0.809	3.2	0	0.85	2.975	875.4434	0
01/02/2023 14:00	01/02/2023 19:40	01/02/2023 17:00	173	12.95	182	567.3	42.17	29.94	30.18	29.74	0.073	26.82	27.56	26.2	0.302	1.57	3.95	0	0.728	2.951	875.4647	0
01/02/2023 14:10	01/02/2023 19:50	01/02/2023 17:10	174	12.95	145.6	517.4	37.27	29.59	29.84	29.36	0.088	27.52	27.97	26.67	0.293	1.016	2.45	0	0.746	2.878	875.5176	0
01/02/2023 14:20	01/02/2023 20:00	01/02/2023 17:20	175	12.98	107.4	442.3	31.23	29.16	29.53	28.72	0.201	28.03	28.89	27.53	0.285	1.127	3.2	0	0.757	2.879	875.5556	0
01/02/2023 14:30	01/02/2023 20:10	01/02/2023 17:30	176	12.82	72.17	341.1	25.28	28.52	28.82	28	0.214	28.86	29.95	27.87	0.545	1.82	3.2	0	0.62	2.903	875.4269	0
01/02/2023 14:40	01/02/2023 20:20	01/02/2023 17:40	177	12.77	43.56	244.4	18.12	28.07	28.21	27.93	0.056	30.16	31.14	29.33	0.355	0.967	2.45	0	0.787	2.83	875.3303	0
01/02/2023 14:50	01/02/2023 20:30	01/02/2023 17:50	178	12.72	18.42	68.32	10.13	27.5	28.04	27.01	0.251	32.29	33.42	30.97	0.654	1.199	3.2	0	0.738	2.782	875.3082	0
01/02/2023 15:00	01/02/2023 20:40	01/02/2023 18:00	179	12.7	5.313	0.083	2.553	26.66	27.12	26.3	0.202	34.66	35.91	33.42	0.672	0.07	2.45	0	0.328	2.734	875.3823	0
01/02/2023 15:10	01/02/2023 20:50	01/02/2023 18:10	180	12.69	0.264	0.007	0	26.1	26.41	25.83	0.123	36.63	37.41	35.78	0.401	0	0	0	0	2.661	875.5053	0
01/02/2023 15:20	01/02/2023 21:00	01/02/2023 18:20	181	12.67	0	0.002	0	25.7	26	25.39	0.151	37.97	38.95	37.17	0.521	0	0	0	0	2.589	875.5811	0
01/02/2023 15:30	01/02/2023 21:10	01/02/2023 18:30	182	12.66	0	0.006	0	25.24	25.52	24.95	0.137	39.34	40.31	38.5	0.444	0	0	0	0	2.758	875.5588	0
01/02/2023 15:40	01/02/2023 21:20	01/02/2023 18:40	183	12.64	0	0.018	0	24.83	25.05	24.64	0.092	40.06	40.52	39.49	0.197	0	0	0	0	2.686	875.7708	0
01/02/2023 15:50	01/02/2023 21:30	01/02/2023 18:50	184	12.61	0	0.018	0	24.57	24.85	24.2	0.151	40.16	41.23	39.49	0.453	1.155	2.45	0	0.808	2.613	875.965	0
01/02/2023 16:00	01/02/2023 21:40	01/02/2023 19:00	185	12.51	0	0.013	0	23.89	24.3	23.62	0.163	41.43	42.19	40.72	0.267	2.036	3.2	0.95	0.38	2.589	876.1368	0
01/02/2023 16:10	01/02/2023 21:50	01/02/2023 19:10	186	12.4	0	0.003	0	23.36	23.79	22.91	0.226	42.28	43.28	40.96	0.596	2.473	3.2	1.7	0.359	2.516	876.2759	0
01/02/2023 16:20	01/02/2023 22:00	01/02/2023 19:20	187	12.31	0	0.005	0	22.65	23.04	22.33	0.198	43.88	44.78	42.97	0.539	2.865	3.95	1.7	0.471	2.444	876.4918	0
01/02/2023 16:30	01/02/2023 22:10	01/02/2023 19:30	188	12.22	0	0.003	0	22.36	22.74	21.82	0.251	42.89	43.55	42.05	0.276	2.664	3.95	0.95	0.599	2.444	876.5821	0
01/02/2023 16:40	01/02/2023 22:20	01/02/2023 19:40	189	12.08	0	0.005	0	21.88	22.16	21.71	0.079	42.98	43.76	41.88	0.464	1.878	3.2	0	0.522	2.395	876.7784	0
01/02/2023 16:50	01/02/2023 22:30	01/02/2023 19:50	190	11.92	0	0.02	0	22.12	22.29	21.88	0.067	41.71	42.29	41.27	0.253	2.359	3.95	0.95	0.514	2.371	876.9338	0
01/02/2023 17:00	01/02/2023 22:40	01/02/2023 20:00	191	11.58	0	0.007	0	21.82	22.02	21.61	0.084	42.49	43.01	41.98	0.186	2.065	3.2	0.95	0.512	2.25	877.0809	0
01/02/2023 17:10	01/02/2023 22:50	01/02/2023 20:10	192	11.05	0	0.019	0	21.85	22.05	21.61	0.095	42.18	42.87	41.74	0.28	2.031	3.2	0.95	0.462	2.081	877.1791	0
01/02/2023 17:20	01/02/2023 23:00	01/02/2023 20:20	193	10.69	0	0.012	0	21.72	21.99	21.51	0.102	42.38	42.77	41.71	0.232	1.936	3.2	0.95	0.447	1.815	877.2198	0
01/02/2023 17:30	01/02/2023 23:10	01/02/2023 20:30	194	10.76	0	0.014	0	21.73	21.95	21.58	0.074	42.24	42.84	41.3	0.306	0.78	3.2	0	0.841	1.984	877.2856	0
01/02/2023 17:40	01/02/2023 23:20	01/02/2023 20:40	195	10.74	0	0.079	0	21.92	22.09	21.71	0.049	41.19	41.54	40.76	0.18	1.439	2.45	0	0.43	1.936	877.3997	0
01/02/2023 17:50	01/02/2023 23:30	01/02/2023 20:50	196	10.69	0	0.09	0	22.06	22.19	21.88	0.058	40.6	41.06	40.14	0.171	1.413	3.2	0	0.639	1.911	877.4571	0
01/02/2023 18:00	01/02/2023 23:40	01/02/2023 21:00	197	10.67	0	0.034	0	21.98	22.19	21.75	0.088	40.58	41.03	40.07	0.185	1.579	3.2	0	0.574	1.887	877.5224	0
01/02/2023 18:10	01/02/2023 23:50	01/02/2023 21:10	198	10.66	0	0.037	0	21.91	22.09	21.71	0.069	40.51	41.2	40.11	0.22	1.893	3.2	0	0.559	1.911	877.5307	0
																						
01/02/2023 18:20	02/02/2023 00:00		199	10.66	0	0.005	0	21.99	22.16	21.85	0.048	40.28	40.76	39.94	0.139	0.795	3.2	0	0.794	1.887	877.6287	0
01/02/2023 18:30	02/02/2023 00:10		200	10.66	0	0.006	0	21.91	22.02	21.78	0.041	40.52	40.82	40.25	0.11	0.705	2.45	0	0.579	1.815	877.6698	0
01/02/2023 18:40	02/02/2023 00:20		201	10.65	0	0.045	0	21.74	21.95	21.48	0.099	40.69	41.23	40.38	0.188	1.451	3.2	0	0.612	1.839	877.6859	0
01/02/2023 18:50	02/02/2023 00:30		202	10.64	0	0.004	0	21.34	21.61	21	0.16	41.83	42.53	41	0.414	1.137	2.45	0	0.538	1.815	877.7106	0
01/02/2023 19:00	02/02/2023 00:40		203	10.63	0	0.004	0	20.81	21.1	20.56	0.118	42.96	43.48	42.46	0.204	1.452	3.2	0	0.59	1.645	877.7679	0
01/02/2023 19:10	02/02/2023 00:50		204	10.6	0	0.006	0	20.63	20.76	20.45	0.052	43.17	43.45	42.94	0.095	1.41	2.45	0	0.469	1.766	877.8496	0
01/02/2023 19:20	02/02/2023 01:00		205	10.53	0	0.003	0	20.51	20.66	20.35	0.044	43.49	43.76	43.18	0.118	1.14	2.45	0	0.371	1.621	877.8824	0
01/02/2023 19:30	02/02/2023 01:10		206	10.5	0	0.037	0	20.29	20.62	19.87	0.211	44.29	46.04	43.11	0.896	1.629	3.2	0	0.646	1.742	877.866	0
01/02/2023 19:40	02/02/2023 01:20		207	10.49	0	0.01	0	20.06	20.18	19.87	0.059	45.07	45.66	44.61	0.219	2.034	3.2	0.95	0.435	1.718	877.8657	0
01/02/2023 19:50	02/02/2023 01:30		208	10.47	0	0.005	0	20.08	20.28	19.84	0.091	45.4	46.35	45.02	0.287	1.213	2.45	0	0.44	1.694	877.8577	0
01/02/2023 20:00	02/02/2023 01:40		209	10.46	0	0.004	0	19.85	20.11	19.57	0.136	46.27	46.82	45.73	0.293	0.771	1.7	0	0.449	1.669	877.907	0
01/02/2023 20:10	02/02/2023 01:50		210	10.45	0	0.002	0	19.91	20.08	19.64	0.088	46.25	47.06	45.63	0.343	0.336	1.7	0	0.532	1.573	877.9807	0
01/02/2023 20:20	02/02/2023 02:00		211	10.44	0	0.002	0	19.59	19.87	19.23	0.192	47.19	48.7	46.11	0.747	0.232	1.7	0	0.413	1.597	878.1115	0
01/02/2023 20:30	02/02/2023 02:10		212	10.44	0	0.065	0	19.26	19.43	19.06	0.064	48.05	48.49	47.5	0.291	1.272	2.45	0	0.437	1.597	878.0948	0
01/02/2023 20:40	02/02/2023 02:20		213	10.43	0	0.209	0	19.3	19.7	18.95	0.226	47.56	48.53	46.45	0.665	1.764	2.45	0.95	0.4	1.621	878.1358	0
01/02/2023 20:50	02/02/2023 02:30		214	10.42	0	0.102	0	19.21	19.6	18.89	0.177	48.38	49.48	47.27	0.57	1.944	2.45	0.95	0.408	1.573	878.0868	0
01/02/2023 21:00	02/02/2023 02:40		215	10.42	0	0.056	0	18.94	19.12	18.72	0.089	49.04	49.79	48.46	0.336	2.574	3.95	0.95	0.616	1.573	878.1605	0
01/02/2023 21:10	02/02/2023 02:50		216	10.41	0	0.02	0	18.77	19.09	18.48	0.161	49.62	50.54	48.7	0.545	2.146	3.2	0.95	0.42	1.548	878.1767	0
01/02/2023 21:20	02/02/2023 03:00		217	10.41	0	0.005	0	18.91	19.12	18.61	0.119	49.53	50.4	48.87	0.452	1.991	3.2	0.95	0.376	1.573	878.1767	0
01/02/2023 21:30	02/02/2023 03:10		218	10.4	0	0.03	0	18.41	18.85	18.07	0.246	51.35	52.41	49.86	0.844	2.543	3.2	1.7	0.356	1.548	878.1685	0
01/02/2023 21:40	02/02/2023 03:20		219	10.39	0	0.104	0	18.53	18.75	18.1	0.125	50.76	51.76	50.26	0.343	2.51	3.2	1.7	0.373	1.548	878.1767	0
01/02/2023 21:50	02/02/2023 03:30		220	10.39	0	0.016	0	18.54	18.78	18.31	0.108	50.87	51.73	50.13	0.404	1.849	2.45	0.95	0.458	1.548	878.1767	0
01/02/2023 22:00	02/02/2023 03:40		221	10.38	0	0.105	0	18.75	19.23	18.58	0.126	49.28	50.47	45.02	1.46	1.512	3.95	0	0.733	1.355	878.1767	0
01/02/2023 22:10	02/02/2023 03:50		222	10.38	0	0.415	0	19.7	20.04	19.09	0.201	42.51	46	40.89	1.057	2.051	4.7	0	0.778	1.548	878.1767	0
01/02/2023 22:20	02/02/2023 04:00		223	10.37	0	0.031	0	19.94	20.08	19.81	0.047	41.63	42.56	40.96	0.274	0.831	3.2	0	0.658	1.379	878.1767	0
01/02/2023 22:30	02/02/2023 04:10		224	10.37	0	0.063	0	19.73	19.94	19.53	0.124	43.76	45.12	42.02	0.971	1.222	3.2	0	0.773	1.403	878.1767	0
01/02/2023 22:40	02/02/2023 04:20		225	10.36	0	0.194	0	19.74	20.01	19.5	0.133	44.82	45.36	44.06	0.365	1.706	4.7	0	0.894	1.524	878.1685	0
01/02/2023 22:50	02/02/2023 04:30		226	10.35	0	0.202	0	19.9	20.04	19.77	0.045	43.97	44.47	43.58	0.177	2.02	4.7	0	0.785	1.379	878.1686	0
01/02/2023 23:00	02/02/2023 04:40		227	10.34	0	0.077	0	20.03	20.18	19.87	0.058	43.88	44.1	43.58	0.086	1.471	3.95	0	0.771	1.379	878.1767	0
01/02/2023 23:10	02/02/2023 04:50		228	10.33	0	0.002	0	19.96	20.18	19.67	0.102	44.12	44.71	43.65	0.23	0.818	2.45	0	0.65	1.428	878.1767	0
01/02/2023 23:20	02/02/2023 05:00		229	10.33	0	0.008	0	19.6	19.84	19.26	0.128	44.11	45.02	42.9	0.514	0.704	2.45	0	0.613	1.428	878.1111	0
01/02/2023 23:30	02/02/2023 05:10		230	10.31	0	0.025	0	19.34	19.5	19.19	0.058	44.46	45.22	43.62	0.414	1.08	2.45	0	0.564	1.5	878.0457	0
01/02/2023 23:40	02/02/2023 05:20		231	10.28	0	0.078	0	19.26	19.57	18.85	0.162	44.48	45.9	43.28	0.722	1.619	3.2	0	0.496	1.5	878.0214	0
01/02/2023 23:50	02/02/2023 05:30		232	10.17	0	0.003	0	18.77	19.02	18.44	0.134	46.18	47.27	45.39	0.351	1.724	2.45	0.95	0.407	1.476	877.9968	0
02/02/2023 00:00	02/02/2023 05:40		233	9.93	0	0.002	0	18.51	18.72	18.34	0.065	46.57	47.5	45.46	0.435	1.825	2.45	0.95	0.43	1.452	877.9067	0
02/02/2023 00:10	02/02/2023 05:50		234	9.21	0	0.006	0	18.41	18.61	18.17	0.095	46.42	47.23	45.77	0.27	2.056	3.2	0.95	0.384	1.307	877.8657	0
02/02/2023 02:30	02/02/2023 08:10		235	9.29	131.3	382.2	43.93	17.99	18.42	17.57	0.212	47.96	49.86	46.46	0.904	1.279	1.7	0	0.392	1.355	804.5839	0
02/02/2023 02:40	02/02/2023 08:20		236	10.86	163.9	428.1	49.8	18.57	18.86	18.25	0.141	46.91	47.65	46.01	0.325	1.371	1.7	0.95	0.372	1.379	879.8773	0
02/02/2023 02:50	02/02/2023 08:30		237	10.88	198.1	463.8	55.36	18.98	19.23	18.76	0.112	46.71	47.78	45.5	0.382	0.92	1.7	0	0.482	1.476	879.9528	0
02/02/2023 03:00	02/02/2023 08:40		238	11.02	235.3	516	61.33	19.43	19.7	19.09	0.143	45.92	46.93	45.02	0.34	0.206	0.95	0	0.391	1.476	880.0317	0
02/02/2023 03:10	02/02/2023 08:50		239	11.1	276.3	553.6	67.46	20.3	20.96	19.64	0.347	43.68	45.12	42.02	0.906	0	0	0	0	1.548	880.1	0
02/02/2023 03:20	02/02/2023 09:00		240	11.12	315	590.1	72.11	21.55	22.19	20.83	0.373	41.13	42.66	38.54	0.984	0.092	0.95	0	0.281	1.694	880.1153	0
02/02/2023 03:30	02/02/2023 09:10		241	11.16	358.1	631.2	76.23	22.41	23.18	22.02	0.291	38.87	40.04	37.86	0.477	0.31	1.7	0	0.482	1.839	880.1398	0
02/02/2023 03:40	02/02/2023 09:20		242	11.25	400.8	670	80.3	23.32	23.55	23.04	0.109	37.15	37.89	36.26	0.443	0.789	2.45	0	0.638	2.105	880.1451	0
02/02/2023 03:50	02/02/2023 09:30		243	13.23	437	694.1	83.1	23.73	24.17	23.18	0.233	37.84	38.98	37.01	0.494	1.065	3.2	0	0.754	2.177	880.1528	0
02/02/2023 04:00	02/02/2023 09:40		244	13.2	477.4	722.4	85.3	23.71	23.99	23.38	0.137	39.09	40.14	38.03	0.487	1.515	2.45	0	0.594	2.25	880.1024	0
02/02/2023 04:10	02/02/2023 09:50		245	13.17	513.8	751.8	86	24.29	24.74	23.82	0.234	37.91	38.57	37.07	0.376	0.836	2.45	0	0.672	2.323	880.0225	0
02/02/2023 04:20	02/02/2023 10:00		246	13.15	551.7	776	88.1	24.77	25.05	24.54	0.113	37.69	38.85	36.84	0.504	1.427	3.2	0	0.732	2.419	879.9543	0
02/02/2023 04:30	02/02/2023 10:10		247	13.13	590	801	90	24.66	24.91	24.37	0.131	39.13	40.07	38.3	0.446	1.836	3.2	0	0.765	2.419	879.9952	0
02/02/2023 04:40	02/02/2023 10:20		248	13.12	624	813	93.3	24.14	24.87	23.37	0.356	41.06	42.35	39.76	0.495	2.57	4.7	0.95	0.779	2.54	880.018	0
02/02/2023 04:50	02/02/2023 10:30		249	13.11	659.2	827	98.3	23.5	23.95	23.06	0.215	42.11	43.47	41.16	0.509	2.295	4.7	0	0.773	2.54	879.9946	0
02/02/2023 05:00	02/02/2023 10:40		250	13.1	694.8	853	98.8	24.61	25.24	23.85	0.391	39.98	41.53	38.67	0.853	1.249	3.2	0	0.922	2.685	879.9832	0
02/02/2023 05:10	02/02/2023 10:50		251	13.09	720.5	865	97.5	24.95	25.58	24.33	0.332	39.44	40.65	38.09	0.62	1.456	3.95	0	1.131	2.661	879.9968	0
02/02/2023 05:20	02/02/2023 11:00		252	13.08	746.3	871	97.9	25.05	25.48	24.56	0.238	38.44	39.69	37.14	0.571	2.339	4.7	0	1.23	2.685	879.9938	0
02/02/2023 05:30	02/02/2023 11:10		253	13.08	765.3	869	100.2	24.93	25.24	24.63	0.168	38.82	40	37.78	0.563	2.324	5.45	0	1.214	2.757	879.9128	0
02/02/2023 05:40	02/02/2023 11:20		254	13.07	782.8	863	104.7	24.91	25.21	24.69	0.092	38.93	39.48	37.99	0.311	2.767	6.2	0	1.237	2.661	879.8715	0
02/02/2023 05:50	02/02/2023 11:30		255	13.07	800	862	107.1	24.36	24.87	24.08	0.134	39.62	40.64	38.39	0.395	3.26	6.2	0.95	0.969	2.782	879.7673	0
02/02/2023 06:00	02/02/2023 11:40		256	13.07	821	881	104.1	24.45	25	24.11	0.173	39.22	40.37	37.92	0.498	2.515	4.7	0	0.681	2.782	879.5894	0
02/02/2023 06:10	02/02/2023 11:50		257	13.07	837	893	101.1	25.31	25.72	24.97	0.145	37.21	38.53	36.31	0.498	2.558	4.7	0	1.062	2.782	879.4508	0
02/02/2023 06:20	02/02/2023 12:00		258	13.07	852	902	100.5	25.6	25.85	25.27	0.13	36.84	37.71	36.14	0.32	2.831	5.45	0	0.955	2.83	879.2021	0
02/02/2023 06:30	02/02/2023 12:10		259	13.07	868	917	97.8	25.52	25.95	25.1	0.226	36.5	37.54	35.16	0.64	1.916	4.7	0	1.084	2.975	879.0964	0
02/02/2023 06:40	02/02/2023 12:20		260	13.06	879	929	95.8	26.02	26.43	25.75	0.166	35.44	36.25	34.17	0.42	1.78	5.45	0	1.042	2.854	878.8964	0
02/02/2023 06:50	02/02/2023 12:30		261	13.05	886	933	94.4	26.46	26.84	26.19	0.16	34.28	35.02	33.15	0.423	1.393	4.7	0	0.878	2.83	878.7443	0
02/02/2023 07:00	02/02/2023 12:40		262	13.05	894	939	93	26.59	27.04	26.16	0.198	34.27	35.57	33.49	0.43	2.089	4.7	0	0.896	2.854	878.5623	0
02/02/2023 07:10	02/02/2023 12:50		263	13.05	889	930	93.3	27.01	27.31	26.67	0.143	32.88	33.79	32.09	0.413	1.422	3.2	0	0.743	2.975	878.7702	0
02/02/2023 07:20	02/02/2023 13:00		264	13.06	879	918	92.8	27.04	27.38	26.6	0.215	32.66	33.55	31.92	0.515	1.07	3.2	0	0.671	2.975	878.6121	0
02/02/2023 07:30	02/02/2023 13:10		265	13.06	889	930	94.8	27.34	27.82	27.01	0.19	32.61	33.59	31.48	0.432	2.317	5.45	0	1.029	3.048	878.218	0
